# Shape: [800]
2.5552210212e-01
1.7054941654e+00
-3.3660605550e-01
-1.8841858208e-01
-1.9175212830e-02
-6.2912887335e-01
8.4727025032e-01
1.2103813142e-01
-5.8768391609e-01
-1.7597790956e+00
-6.3400071859e-01
-2.8241080046e-01
-2.5353312492e-01
-4.6267235279e-01
-1.1362450123e+00
-7.6674178243e-02
-4.3784943223e-01
1.3134719431e-01
2.6751682162e-03
-8.9057576656e-01
-6.8689483404e-01
2.6217567921e-01
-4.9191710353e-01
2.3260763288e-01
-2.7486050129e-01
-6.3342764042e-04
3.4297086298e-02
-7.5998568535e-01
-2.1908701956e-01
1.6050566733e-01
5.3150594234e-01
-1.9207924604e-01
-1.1342817545e+00
-8.1072169542e-01
-7.5000599027e-02
-6.4355468750e-01
-5.2699834108e-01
8.7675881386e-01
-1.8770977855e-01
-2.5374448299e-01
-6.5293008089e-01
6.6632544994e-01
-9.5043814182e-01
-2.7888149023e-01
8.6103759706e-02
1.1958649755e-01
-3.8424324989e-01
-5.2727837116e-02
-4.9253100157e-01
-1.1856262684e+00
-9.8229020834e-01
-1.7275324464e-01
3.6150850356e-02
-4.5820575953e-01
-2.3006625473e-01
-1.3887864351e-01
-1.2422807217e+00
-4.2401811481e-01
-5.7849478722e-01
-2.8274594806e-03
-2.0757095516e-01
-3.6419223994e-02
-2.1153426170e-01
-7.3558175564e-01
4.6685558558e-01
3.2937100530e-01
-8.6284673214e-01
4.4477712363e-02
-5.1787483692e-01
-2.8847140074e-01
-6.9346112013e-01
-1.2049857378e+00
-3.5152429342e-01
4.2967848480e-02
-5.1585090160e-01
-2.7983866632e-02
-1.1472259760e+00
-2.9405421019e-01
-4.2267382145e-01
-3.3452847600e-01
-1.0947129875e-01
-2.7589701116e-02
9.2206019163e-01
2.1359668672e-01
7.9997196794e-02
-1.3400867581e-01
4.6939882636e-01
-3.3960592002e-02
-1.0345821828e-01
-7.6417464018e-01
5.4749101400e-01
5.0414431095e-01
-1.7839597166e-01
7.0465177298e-01
4.3471097946e-01
-3.9968419820e-02
-1.4432466030e-01
-2.2504514456e-01
-1.8648631871e-01
-1.8452146649e-01
-4.1325837374e-01
-1.7500472069e+00
-1.5248725414e+00
-1.3319553137e+00
-8.9429193735e-01
-1.2625497580e+00
-9.4366401434e-01
-2.4314677715e+00
-1.4378085136e+00
-2.0684090257e-01
-1.4927923679e+00
-1.0679273605e+00
-1.0178894997e+00
-6.3147974014e-01
-7.5604069233e-01
-5.4060757160e-01
-6.1068814993e-01
-1.4271534681e+00
-5.0089687109e-01
-4.6481859684e-01
-1.2818777561e+00
-7.8066867590e-01
-3.4842890501e-01
-1.0916275978e+00
-1.0563716888e+00
-1.9207328558e-01
-1.1994849443e+00
-8.1703287363e-01
-6.0490220785e-01
-1.0575027466e+00
-2.9049134254e-01
-4.1390556097e-01
-5.6014996767e-01
-5.8916682005e-01
-7.9990917444e-01
-1.3113794327e+00
-6.2618696690e-01
-4.9998402596e-01
-6.4404571056e-01
-4.5977848768e-01
-5.5686153471e-02
-6.0067260265e-01
-8.9339852333e-01
-1.1337330341e+00
-2.3642590046e+00
-1.0836409330e+00
-4.2383581400e-01
-1.1451523304e+00
-8.1150239706e-01
-1.0633336306e+00
-1.5936053991e+00
-5.4227131605e-01
-6.0291659832e-01
-1.7688672543e+00
-7.8328633308e-01
-8.1979018450e-01
-1.2495718002e+00
-5.7582604885e-01
-7.6453536749e-01
-4.1176629066e-01
-1.1609327793e+00
-1.1202422380e+00
-7.1911376715e-01
-2.8973424435e-01
-1.0408643484e+00
-1.1900095940e+00
-1.1362992525e+00
-1.2277963161e+00
-1.1498886347e+00
-9.3245023489e-01
-1.4773720503e+00
-1.4994337559e+00
6.4513251185e-02
-4.4034707546e-01
-1.1963248253e+00
-3.5466554761e-01
1.1714962125e-01
-5.7047504187e-01
-1.0968133574e-03
-4.2184081674e-01
-6.5511143208e-01
-5.0272810459e-01
-5.6560903788e-01
-1.0113681555e+00
-6.0423231125e-01
-1.9974617958e+00
-6.9673901796e-01
-7.2558820248e-01
-8.8709287345e-02
-9.7114527225e-01
-2.0398147404e-01
-1.7229012251e+00
-9.2864316702e-01
4.2755323648e-01
-9.2928296328e-01
-1.6693662405e+00
-1.7156428099e+00
-1.6837649345e+00
-7.8269255161e-01
-1.7155927420e+00
6.2302988768e-01
3.1754159927e-01
-2.3970654607e-01
-3.1082969904e-01
4.9992603064e-01
-8.3419315517e-02
-1.3273727894e-01
-1.8167277798e-02
-5.9901273251e-01
7.1237105131e-01
2.4113847315e-01
8.8851952553e-01
4.3290340900e-01
-3.9723703265e-01
7.0189338923e-01
7.4944889545e-01
7.6043719053e-01
1.1564718187e-01
1.4614190161e-01
-2.2291328758e-02
-1.4547550119e-02
2.2018675506e-01
5.8375239372e-01
2.4778726697e-01
-3.9411109686e-01
2.8415995836e-01
1.6779969633e-01
-8.1760197878e-02
2.7517312765e-01
7.1017616987e-01
-9.3283988535e-02
2.0207089186e-01
6.2909024954e-01
5.5830603838e-01
3.6371698976e-01
-1.0611582547e-01
-1.1601461470e-01
-5.1232802868e-01
-3.7014150620e-01
-1.8212078512e-01
1.3051331043e-01
-1.9474752247e-01
-8.1506147981e-02
-4.8293998837e-01
2.6361167431e-01
-7.2166705132e-01
-1.5257371962e-01
-9.0129941702e-02
-4.2481774092e-01
-1.2216005474e-01
-7.9367816448e-01
-1.3219928741e+00
-8.5553330183e-01
-3.1839480996e-01
-1.2406331301e+00
-6.1006182432e-01
-5.0885647535e-01
2.1887212992e-02
-1.6451202333e-02
-3.7483966351e-01
-8.5913145542e-01
1.6589209437e-01
-3.6517432332e-01
5.0907826424e-01
1.7837029696e-01
6.5568011999e-01
4.9140712619e-01
3.2810172439e-01
5.3786212206e-01
7.6080280542e-01
6.2040567398e-01
9.8225706816e-01
-1.4635007381e+00
7.9056508839e-02
8.2789510489e-01
2.5519216061e-01
1.5018689632e-01
-3.3283793926e-01
1.3944540918e-01
1.1631950736e-01
4.8384171724e-01
8.0002230406e-01
7.2777539492e-01
4.0891200304e-01
7.2772687674e-01
4.1690158844e-01
-6.5729463100e-01
-2.2246453166e-01
4.5174795389e-01
-3.6174806952e-01
4.9416589737e-01
3.2109174132e-01
-5.0221059471e-02
-1.9176328182e-01
7.9757171869e-01
-2.4863004684e-02
-1.9884987175e-01
8.2791671157e-02
-1.4367006719e-01
-1.7999902368e-01
-8.6789655685e-01
-9.0597873926e-01
-1.0140718222e+00
-5.0415787846e-02
-1.7108854651e-01
-1.6572003067e-01
-1.0337706804e+00
5.9148293734e-01
-1.0325045586e+00
5.1963824034e-01
-1.6575213522e-02
7.1081668139e-02
-5.3788568825e-02
1.7142728567e+00
4.1247510910e-01
2.0202329159e+00
-6.9884055853e-01
9.2246972024e-02
2.0250271261e-01
-1.2250738144e+00
-1.7437414825e-01
1.0320334435e+00
-2.2437239066e-02
-6.2193900347e-01
-8.9993578196e-01
1.2752279639e-01
-1.2927943468e+00
-1.0785526037e+00
-5.6491732597e-01
-5.8242881298e-01
-7.8006237745e-01
6.9802629948e-01
-5.5236810446e-01
-3.8096749783e-01
-5.7956814766e-01
6.0949373990e-02
-5.2761602402e-01
-7.7751958370e-01
8.5099583864e-01
-7.6516121626e-01
8.4909540415e-01
1.2697657347e+00
-1.8994039297e-01
-1.4334548712e+00
-6.0917133093e-01
-2.1734274924e-01
1.0027634352e-01
-7.3195379972e-01
1.3979606330e-01
-6.2888735533e-01
-3.7764552236e-01
7.4863769114e-02
3.1451615691e-01
-3.8149774075e-01
-5.8306133747e-01
1.1499963002e-03
-7.0297867060e-01
1.0237768888e+00
2.1083724499e-01
-7.3858261108e-01
-4.6392866969e-01
-3.7927322555e-03
-6.0333710909e-01
-6.3834726810e-01
-1.3525075912e+00
-1.7095118761e+00
-1.5467685461e+00
-4.5723631978e-01
-1.2359008789e+00
-2.1708552837e+00
-1.3080805540e+00
-8.9068138599e-01
8.8197641075e-02
-6.1058074236e-01
-9.7772836685e-01
-5.6379741430e-01
-2.3689964414e-01
3.0445696786e-02
-4.0060934424e-01
-7.1541178226e-01
-1.6329302788e+00
-1.1038260460e+00
-1.3907953501e+00
-7.5735598803e-01
-9.2395305634e-01
-9.8268842697e-01
-4.2358982563e-01
-1.8585830927e-01
-7.8483253717e-01
-1.3956093788e+00
-3.6570119858e-01
-5.4242789745e-01
-1.0076423883e+00
-1.1038353443e+00
-1.2250659466e+00
-1.2456425428e+00
-9.2912960052e-01
-9.7701919079e-01
4.5607551932e-01
4.8154297471e-01
1.4548076391e+00
1.4065861702e+00
1.3799175024e+00
1.6702359915e+00
1.5557749271e+00
1.7834979296e+00
2.5585894585e+00
1.0159369707e+00
1.7390179634e+00
1.5718338490e+00
1.6599678993e+00
1.7462224960e+00
7.2296088934e-01
1.2892431021e+00
4.3833070993e-01
9.8100209236e-01
1.0548294783e+00
3.6922374368e-01
1.3171921968e+00
1.7303233147e+00
8.6094748974e-01
-2.2844287753e-01
1.9900040627e+00
1.4371447563e+00
1.0674743652e+00
6.3627249002e-01
1.0278691053e+00
2.0940467715e-01
-4.5520412922e-01
9.4087243080e-01
1.1721901894e+00
1.3341134787e+00
8.0927777290e-01
-5.2393376827e-01
1.0232283175e-01
2.0154492557e-01
9.2061263323e-01
6.3960635662e-01
8.0702871084e-01
-6.3757503033e-01
-1.2815167904e+00
1.6246916354e-01
6.6635704041e-01
2.9610362649e-01
8.5137450695e-01
7.4072688818e-01
1.5364456177e+00
3.4096922725e-02
-1.4286317825e+00
6.1632239819e-01
-4.2895948887e-01
1.0416591167e+00
5.4944998026e-01
4.3207144737e-01
-5.6351161003e-01
3.2080727816e-01
-8.0240058899e-01
-1.3970111310e-01
9.5483377576e-02
6.7653483152e-01
2.7593282983e-02
9.5158360898e-02
-1.4991304874e+00
3.9595967531e-01
6.1380058527e-01
6.8729519844e-01
4.1252352297e-02
4.3426421285e-01
8.2614475489e-01
1.0711290836e+00
4.9073360860e-02
-9.1264270246e-02
-2.2480109334e-01
-3.6576688290e-02
-3.0661044642e-02
3.8179266453e-01
3.4912559390e-01
6.7873412371e-01
-9.8590439558e-01
7.8136217594e-01
-3.6896679550e-02
-1.9607338309e-01
-7.4191331863e-01
3.6076474190e-01
3.4849673510e-01
-6.8228936195e-01
-4.8633697629e-01
-5.3086221218e-01
-1.5176980197e-01
-2.8134737164e-02
2.8609004617e-01
3.8074038923e-02
1.0320045799e-01
-5.2818536758e-01
8.7342602015e-01
1.3962605596e-01
3.7809771299e-01
6.0844790936e-01
7.2719705105e-01
-1.0724246502e-01
2.2748341560e+00
2.1833701134e+00
7.9657316208e-01
-5.6909662485e-01
1.0850907564e+00
7.5838100910e-01
1.5492957830e+00
1.3158450127e+00
1.0235478878e+00
9.4662153721e-01
1.7401262522e+00
1.9810589552e+00
1.4622329473e+00
1.2858716249e+00
5.4185819626e-01
1.5043994188e+00
1.4597306252e+00
1.9881714582e+00
1.1382373571e+00
1.6880972385e+00
1.3403012753e+00
-3.4501239657e-01
9.4630420208e-01
-9.7086399794e-01
1.3882161379e+00
1.3813078403e+00
7.6592922211e-01
9.3321520090e-01
9.0063673258e-01
1.3082958460e+00
6.4182817936e-01
1.4968770742e+00
-2.7858611941e-01
8.8910079002e-01
1.0080175400e+00
1.2786103487e+00
8.0722540617e-01
5.7451659441e-01
5.9927660227e-01
1.2268490791e+00
9.6797204018e-01
-6.8154150248e-01
9.4594997168e-01
1.1723276377e+00
1.8115437031e-01
2.2679731250e-01
5.0100392103e-01
9.0510201454e-01
-5.2031546831e-01
2.6517799497e-01
3.1630289555e-01
-1.3697310686e+00
2.2373586893e-01
4.0085530281e-01
-3.7095871568e-01
8.1941276789e-01
-9.9135845900e-02
5.6317687035e-01
-8.5762071609e-01
1.0182989836e+00
1.0764631033e+00
1.2111355066e+00
1.2993559241e-01
6.4661931992e-01
1.2881215811e+00
3.4900620580e-01
1.4716471732e-01
6.0072761774e-01
1.3419203758e+00
1.5787099600e+00
1.0469943285e+00
3.0399724841e-01
8.8658571243e-01
1.3790562153e+00
-2.7138546109e-01
8.1393998861e-01
1.3836153746e+00
1.2130126953e+00
7.5305312872e-01
1.3564451933e+00
-8.1137114763e-01
1.2576525211e+00
1.0393705368e+00
7.7044427395e-01
5.8811163902e-01
-1.1657791138e+00
1.2054224014e+00
1.6491494179e+00
-1.0594866276e+00
1.7338284254e+00
1.4226695299e+00
9.7307986021e-01
1.2382868528e+00
1.5595508814e+00
-2.8807608411e-02
1.7561765909e+00
1.2808802128e+00
1.1322817802e+00
1.6331013441e+00
1.4798324108e+00
-5.3690630943e-02
-7.4663668871e-01
-4.5945248008e-01
-9.9878114462e-01
-7.2899001837e-01
-1.2865746021e+00
-1.5253074169e+00
-1.5364964008e+00
-1.0266724825e+00
-7.9843562841e-01
-1.0066102743e+00
-5.2026736736e-01
-5.8962702751e-01
-7.2629630566e-01
-6.6949290037e-01
-1.0160098076e+00
-2.1662132740e+00
-2.6988831162e-01
-8.5110723972e-01
2.0281289518e-01
-7.2251963615e-01
-3.6815229803e-02
-6.1372685432e-01
-1.1948434114e+00
-1.0352174044e+00
-8.2040655613e-01
-6.6545498371e-01
-1.7458873987e-01
-5.4370546341e-01
-6.5717035532e-01
-7.0143878460e-01
-1.0806809664e+00
-1.0361158848e+00
-7.0392251015e-01
-6.2445181608e-01
-7.3803502321e-01
-4.3581333756e-01
-1.9155940413e-01
-1.5658135414e+00
-7.1132540703e-01
-5.5634868145e-01
-3.2135537267e-01
-1.8700325489e-01
-6.2723541260e-01
-3.6951428652e-01
-5.2821677923e-01
-1.3256850243e+00
-1.1511850357e+00
-6.5964895487e-01
-1.2849068642e+00
-4.3187841773e-01
-6.1696052551e-01
-1.6519859433e-01
-8.1923884153e-01
-9.4298344851e-01
-2.1300566196e-01
-7.5352567434e-01
6.4317733049e-01
-7.1030157804e-01
-1.3715503737e-03
-1.1043398827e-01
-8.3395272493e-01
1.0056748986e-01
-7.0696300268e-01
-1.5928328037e+00
-8.5865217447e-01
1.1606232822e-01
8.7365573645e-01
-6.6722458601e-01
-2.9370945692e-01
-9.1097563505e-01
-7.7181011438e-01
-5.6893789768e-01
-2.3191143572e-01
-3.4909218550e-01
-1.3056803942e+00
1.6217570752e-02
-5.1454246044e-01
-8.2794868946e-01
-8.7895490229e-02
3.7196400762e-01
9.5813475549e-02
1.0446661711e+00
1.4377397299e-01
-1.6336637735e-01
-2.3555684090e-01
-1.8648843467e-01
-6.9340896606e-01
-2.3912185431e-01
-4.5530536771e-01
-3.9616656303e-01
1.3130068779e-01
4.1590284556e-02
-5.5220186710e-01
-6.8900948763e-01
-3.9700806141e-01
-8.6761116982e-01
-1.4433493614e+00
-9.9977660179e-01
-9.2587220669e-01
-2.7375905514e+00
-3.2621133327e+00
-2.1402256489e+00
-6.6631209850e-01
-1.5279462337e+00
-1.9824796915e+00
-8.6538130045e-01
-2.0266766548e+00
-9.9482446909e-01
-1.5259233713e+00
-1.5717970133e+00
-1.0170167685e+00
-4.1216889024e-01
-9.6797066927e-01
-2.6913821697e-01
-7.9400753975e-01
-1.4382839203e+00
-1.0876379013e+00
-6.4026778936e-01
-1.8758723736e+00
-6.5892410278e-01
-3.4916898608e-01
-6.8933844566e-01
-1.1878055334e+00
-7.1980535984e-01
-7.3801445961e-01
-5.3573185205e-01
-8.0384743214e-01
-1.0229104757e+00
-6.1399692297e-01
-6.2209588289e-01
-6.7664498091e-01
-6.4168423414e-01
-1.0094755888e+00
-6.5181538463e-02
-1.8933578730e+00
-1.3563491106e+00
-9.7676688433e-01
-8.5179209709e-01
-1.7238006592e+00
-1.1391373873e+00
-1.4715698957e+00
-1.1232715845e+00
-1.3536977768e+00
-5.2644163370e-01
-3.0402837321e-02
-1.7936389148e-01
-2.2527246177e-01
5.0378251821e-02
-2.0413728058e-01
-1.2626196146e+00
-1.6616491079e+00
-3.9347419143e-01
-1.7624640465e+00
-7.0317590237e-01
-1.3810464144e+00
-5.8564689010e-02
-5.1207786798e-01
-1.1394714117e+00
-1.2098720074e+00
-3.7177604437e-01
-8.5683602095e-01
-1.9882826805e+00
-1.0875198841e+00
2.2468024492e-01
-8.7147349119e-01
-1.0342527926e-01
-9.2922210693e-01
-3.5057067871e-01
-7.1251934767e-01
-1.3040152788e+00
-1.4137343168e+00
-7.2030740976e-01
-2.2691006958e-01
3.0740868300e-02
-6.8860787153e-01
-5.9514266253e-01
-9.9746990204e-01
1.2474921942e+00
-7.6835453510e-01
-1.2429623604e+00
-1.1207075119e+00
-8.8345748186e-01
-1.6633219719e+00
-7.5300887227e-02
-1.7404317856e+00
-1.6005167961e+00
-1.4514067173e+00
-1.0929890871e+00
-1.1083362103e+00
-1.1335670948e+00
-4.4146589935e-02
-1.1746652126e+00
-1.6970664263e+00
-3.2923102379e-01
-7.3797148466e-01
-6.1181682348e-01
-5.1311272383e-01
-2.4341629446e-01
-8.5218274593e-01
