# Shape: [20, 9]
-7.7721128464e+00
2.7312967777e+00
2.6506590843e+00
-2.2652916610e-02
-3.2273888588e-02
-3.7643831968e-01
1.1691721529e-01
-2.0602050424e-01
6.9455385208e-02
1.8685606718e+00
1.7336754799e+00
1.2999679565e+01
1.2004248798e-01
-1.3515286148e-01
-1.4273279905e-01
9.9018901587e-02
1.5637369361e-03
-6.8499320187e-03
1.2975516915e-01
3.0517787933e+00
-2.2643432617e+00
1.6769854119e-03
-9.1859318316e-02
-4.1699138284e-01
1.0878586769e-01
-1.4708203077e-01
1.3796789944e-01
-1.7654094696e+01
4.5973463058e+00
-1.5887106955e-01
5.1300629973e-02
-8.3141617477e-02
2.5649100542e-02
2.7560267597e-02
-5.3156153299e-03
2.5644800626e-03
-2.1281324387e+01
-1.0607817173e+00
6.0447735786e+00
-1.8066024780e-01
1.9300499558e-01
-2.6635080576e-01
7.2671584785e-02
-9.3977013603e-03
5.8286036365e-03
4.4011548162e-03
1.3183514595e+01
-1.5113395691e+01
5.1979618147e-03
-6.1299400404e-03
-5.5478973081e-04
1.7429837957e-02
3.7005622289e-04
-7.6078774873e-04
-2.4130634308e+01
-6.1233391762e+00
3.6861338615e+00
2.0155046880e-01
-2.2891016304e-01
-3.4924793988e-02
2.1128933132e-01
1.2353277951e-01
-4.0794587694e-03
-2.8103294373e+01
-3.3614606857e+00
3.8695423603e+00
-5.2032008767e-02
3.7435911596e-02
4.0838502347e-02
-2.8314972296e-02
7.0852120407e-03
-8.0065438524e-03
1.0963764191e+01
-2.6548847198e+01
5.1884589195e+00
-2.9582342133e-02
-1.2048036605e-01
-1.6796233654e+00
1.7149597406e-01
2.4841429666e-02
6.8432308733e-02
-1.2886576653e+01
-1.4059513092e+01
4.2677025795e+00
-6.2724011950e-03
8.5337217897e-03
-9.3057388067e-01
-2.0263994113e-02
-4.2396821082e-02
-2.0534502342e-02
8.2045984268e+00
-7.4000835419e-02
2.0753991604e+00
5.9239141643e-02
-4.4142402709e-02
-2.8601891994e+00
1.8051107228e-01
-1.5298486687e-02
-3.8862656802e-03
8.8552892208e-01
-5.9131157398e-01
-3.1822517514e-02
-3.1197437644e-01
1.5348878503e-01
1.1628541350e-01
-1.9676566124e-01
5.4721519351e-02
-9.7698345780e-03
7.2941522598e+00
1.7581563950e+01
-4.9256730080e+00
-4.9366906285e-01
-4.2363518476e-01
-5.8746123314e-01
-4.2925992608e-01
-1.9811311364e-01
-2.0980079472e-01
1.6883707047e+01
2.7715909481e-01
-1.8366828561e-01
4.2347633280e-03
1.2885387056e-02
2.2515585646e-02
7.8665604815e-03
2.5648339652e-03
1.5636364697e-03
5.4980864525e+00
1.5443372726e+00
2.8580415249e+00
-3.1696850061e-01
9.2764012516e-02
-2.3069438338e-01
-1.1233593524e-01
-2.7456954122e-02
-3.7677783519e-02
1.4509633780e+00
2.4999895096e+00
3.0794030428e-01
5.6798066944e-02
-1.2951555848e-01
6.4341686666e-02
1.3864447176e-01
-2.0264830440e-02
-8.2971500233e-03
3.1800761223e+00
3.5467250824e+01
-1.3239910126e+01
-1.9547343254e-01
-4.6696197987e-01
2.5753912330e-01
-1.8831440806e-01
2.3753182963e-02
2.0485432819e-02
-5.4650540352e+00
-1.2385559082e+00
3.9215528965e-01
-2.3254580796e-01
1.2426787615e-01
-4.7841120511e-02
2.8697517514e-01
-6.9784820080e-02
-1.5898073092e-02
4.6792678833e+00
-1.7888026237e+00
4.1912598610e+00
-9.4552868977e-03
-4.4625160098e-01
-8.5085070133e-01
-2.0122664049e-02
-1.2483324856e-01
-3.2033268362e-02
5.0367194414e-01
-4.4068841934e+00
4.7091949731e-02
-2.0670062304e-01
1.6548176110e-01
-9.1840958595e-01
5.8475047350e-01
4.7785022855e-01
-1.8117946386e-01
