# Shape: [20, 20]
-1.8076113462e+00
-1.1751490831e+00
-6.7534202337e-01
-1.2595226765e+00
1.7259369791e-01
-1.3615769148e+00
-6.5204340219e-01
2.3412747681e-01
8.5275065899e-01
5.3486675024e-01
4.0732559562e-01
-5.0617396832e-01
1.7213857174e-01
1.0868531466e+00
-4.8857131600e-01
-4.5448377728e-01
-6.5648285672e-03
-2.0197391510e-01
-3.8315564394e-01
-1.3296775818e+00
-1.2016315460e+00
-3.3958393335e-01
-2.1100912988e-01
-1.8615077734e+00
-5.4040348530e-01
1.2961679138e-02
1.8174482882e-01
1.2604697607e-02
1.1131323129e-01
-1.1917691231e+00
-1.2911934853e+00
-8.3873915672e-01
-2.3263435066e-01
-9.8043733835e-01
2.0189969242e-01
8.8660150766e-01
-1.6408993006e+00
5.8679080009e-01
1.1529453844e-01
1.9742794335e-01
4.2295175791e-01
3.9606347680e-01
-2.5352910161e-02
8.4739319980e-02
1.7212265730e-01
1.4560681581e-01
7.9588705301e-01
-2.0122483838e-03
-6.5863676369e-02
2.9347024858e-02
-1.3763645291e-01
-9.5826968551e-02
-4.2616450787e-01
-7.6398082078e-02
-2.0081138611e-01
9.0666487813e-02
2.5577282906e-01
3.0033765361e-02
1.0507908463e-01
2.3641602695e-01
-1.8138659000e+00
-1.5154404938e-01
1.1580185890e+00
-6.2964069843e-01
2.6021015644e-01
-5.0219345093e-01
2.4736817181e-01
-1.3205555677e+00
4.6270522475e-01
-4.4139793515e-01
-5.4824399948e-01
-4.1188889742e-01
7.2518414259e-01
-1.0709255934e+00
2.2387574613e-01
3.9835155010e-01
-1.7711521387e+00
8.5101169348e-01
-3.6676490307e-01
1.4273443818e-01
3.4132170677e-01
-2.6797151566e-01
-8.5975873470e-01
-1.0619240999e-01
-3.2631805539e-01
5.6713622063e-02
-4.4202193618e-01
-6.2218540907e-01
3.2386210561e-01
-2.7504739165e-01
1.1707231402e-01
1.0705039650e-01
1.5289676376e-02
-2.7094644308e-01
-3.6571371555e-01
4.7838065028e-01
-9.1363996267e-02
-1.6800414305e-03
-1.3888075948e-01
4.8856884241e-01
-7.9551094770e-01
-1.4669243991e-01
-7.4714630842e-01
-2.2030378878e-01
-3.0566251278e-01
3.1834518909e-01
1.7232771218e-01
-3.3101866245e+00
-3.4941613674e-01
-5.2561813593e-01
1.0791061819e-01
-1.3441903591e+00
6.8959742785e-01
-2.9720687866e+00
-3.1495028734e-01
2.3743705451e-01
-1.0852425359e-02
-4.3179160357e-01
-2.6794487238e-01
3.5016860813e-02
-8.7245362997e-01
-2.8974181414e-01
-1.1671066284e+00
-3.8155573606e-01
6.5301650763e-01
-9.5003914833e-01
-5.2707880735e-01
-4.5823311806e-01
-1.3101504743e-01
2.0805269480e-01
-5.0741440058e-01
4.9684363604e-01
-3.7050387263e-01
1.6488523781e-01
1.8987116218e-01
-2.3602840304e-01
-5.0882816315e-01
1.1131116003e-01
5.7873928547e-01
5.0241625309e-01
-1.4784243107e+00
2.6995259523e-01
-1.6002362967e+00
2.0697738975e-02
-1.6024274826e+00
-2.8231984377e-01
4.9433622509e-02
-2.3520985246e-01
-1.1484821141e-01
-1.6765334606e+00
-7.7084404230e-01
-2.5423204899e-01
-1.3568964005e+00
-1.3201676607e+00
-1.0664992779e-01
5.9677135944e-01
-4.8505898565e-02
-5.1894783974e-01
-8.8654406369e-02
3.2885938883e-01
2.0460081100e+00
-6.7990911007e-01
-4.9022233486e-01
2.2711361945e-01
-3.3726578951e-01
9.9673283100e-01
-7.2375273705e-01
-9.2055656016e-02
-1.4299556613e-01
-3.9035481215e-01
3.2319343090e-01
6.3773953915e-01
1.1225678921e+00
-7.7891618013e-01
-1.8840637058e-02
-2.5798842311e-01
2.4198219180e-01
2.3463764787e-01
-2.2364650667e-01
-2.6494628191e-01
-9.1654449701e-01
-3.6548080388e-03
2.0589393377e-01
-5.1105129719e-01
6.8414872885e-01
1.0371943936e-02
5.7578068972e-01
1.5615957975e-01
-6.4480561018e-01
-1.7601877451e-01
2.4762620032e-01
3.4065097570e-01
7.8777462244e-01
1.2319672108e+00
-8.5961091518e-01
3.0855920911e-01
9.0706974268e-02
1.2305902690e-01
3.4847882390e-01
2.2469120100e-02
-3.7660866976e-02
1.4654695988e-01
-1.4365224540e-01
1.3478487730e-01
2.0957997441e-01
-2.0347851515e-01
2.5188398361e-01
-2.7291488647e-01
-9.6524626017e-02
-2.5925490260e-01
3.6686867476e-01
2.5341698527e-01
-3.1288135797e-02
-3.7782445550e-01
-8.9128455147e-03
1.6545578837e-01
3.9643636346e-01
7.5815506279e-02
1.1702448130e-02
-1.0836610198e-01
-1.6059397459e+00
1.6575129330e-01
-2.6008385420e-01
-3.1458631158e-02
-3.5896429420e-01
-3.1142628193e-01
-4.3832972646e-01
-4.2477998137e-01
4.9853119254e-01
3.4255463630e-02
6.3106554747e-01
3.9338055998e-02
-6.2129706144e-01
-2.2412405014e+00
5.6927446276e-02
2.4212841690e-01
-6.9981646538e-01
2.5212872028e-01
-6.8510466814e-01
1.1968039721e-01
-8.7207204103e-01
-3.4807309508e-01
4.8899209499e-01
-1.0495439768e+00
-4.0002104640e-01
-3.0444437638e-02
-2.9326894879e-01
3.3697821200e-02
4.5809507370e-01
2.1263271570e-01
-4.0302640200e-01
-3.5508289933e-01
-3.9876085520e-01
9.2958396673e-01
1.6142842174e-01
-1.4840438366e+00
-5.0248908997e-01
-4.7024753690e-01
-1.3188391924e-01
-4.9834388494e-01
-1.5402789116e+00
-9.2594265938e-01
3.1583878398e-01
7.6241031289e-02
2.8185540438e-01
5.6374496222e-01
-3.6661538482e-01
5.2514743060e-02
1.6979150474e-01
-2.2246690467e-02
2.4919198453e-01
-5.6823915243e-01
-6.9004929066e-01
-2.6880294085e-01
-8.0831354856e-01
-1.5936022997e-01
-1.6117790341e-01
-8.3219960332e-02
3.6771497130e-01
-4.1191220284e-01
-1.2824007273e+00
-2.3056235909e-01
1.3590584695e-01
-6.5667438507e-01
-6.7747360468e-01
3.8005664945e-01
-5.8894205093e-01
1.7207133770e-01
5.4261821508e-01
-6.2719559669e-01
-7.2880029678e-01
-6.1952787638e-01
-6.9842934608e-02
6.7560181022e-02
-1.7938512564e-01
5.1224344969e-01
-1.0947574377e+00
2.6806095243e-01
-4.1063410044e-01
6.2702870369e-01
-1.4831591845e+00
1.9689099491e-01
-1.3861830235e+00
-3.4643819928e-01
-3.7567341328e-01
-2.0119869709e-01
6.4140744507e-04
-7.4190139771e-01
1.5249089897e-01
-2.9129150510e-01
-1.8238358200e-01
-2.5655090809e-01
1.0818084329e-01
-2.3809609413e+00
-5.4647643119e-02
4.5701259375e-01
-4.9831727147e-01
5.0345498323e-01
-8.6386501789e-01
-2.5579079986e-01
-1.1925678253e+00
2.3873180151e-02
-8.5264760256e-01
8.4797754884e-02
-5.5530976504e-02
-3.7624689937e-01
-4.3288499117e-01
-4.6808338165e-01
1.2269924395e-02
2.6190379634e-02
-2.5283581018e-01
2.6115942001e-01
-1.3036783040e-01
-4.1101293564e+00
2.2323620319e-01
1.9200287759e-01
3.2002529502e-01
4.0530079603e-01
3.7614859641e-02
-4.8159878701e-02
-7.4120688438e-01
-1.6360332072e-01
-6.1625039577e-01
-1.6641722620e-01
-5.4640769958e-01
3.6722919345e-01
8.9173294604e-02
-2.9136937857e-01
1.5339963138e-01
-4.7152507305e-01
2.7297109365e-02
-5.2746146917e-01
-7.8041434288e-01
-1.6509974003e+00
-1.3539076783e-02
1.2296337634e-01
-2.4129006267e-01
-1.2638840079e-01
-4.4613343477e-01
-8.7938673794e-02
-6.6544729471e-01
-4.4755986333e-01
-7.3958075047e-01
1.8098753691e-01
-4.5699006319e-01
3.0243879557e-01
-3.6346092820e-01
-8.5813596845e-02
2.2976185381e-01
-2.8554132581e-01
1.7434222996e-01
-1.4650174975e-01
-2.1933121607e-02
-3.1368950009e-01
-1.7234131694e-01
1.1889385432e-01
8.2901257277e-01
-3.7921354175e-01
-3.2991182804e-01
-3.4412417561e-02
-6.5345913172e-01
-1.1014046669e+00
-1.5394910574e+00
-1.1374617815e+00
-4.0477654338e-01
-2.4647670984e-01
-2.5579857826e-01
9.0465977788e-02
4.5083644986e-01
-1.3081499338e+00
-4.6935135126e-01
3.1145828962e-01
6.0870671272e-01
1.2438831329e+00
-2.0717661083e-01
5.4324239492e-01
-5.2056503296e-01
8.6558178067e-02
-7.6688796282e-01
1.9249485433e-01
