# Shape: [20, 20]
-7.5577542186e-02
-8.1684157252e-02
2.6281031966e-01
2.3198697716e-02
-3.9032742381e-01
-2.5917443633e-01
-1.1600564420e-01
-4.7235611081e-01
2.5852147490e-02
1.9261637330e-01
-3.9681378007e-01
1.5279026330e-01
1.3329041004e-01
6.1165586114e-02
8.6210131645e-02
1.0180409998e-02
-1.5838670731e-01
-3.0767178535e-01
2.2318151593e-01
1.5317465365e-01
5.0687348843e-01
-3.1444138288e-01
6.4908063412e-01
-1.8330194056e-02
5.5549968034e-02
1.1178994924e-01
2.1912242472e-01
4.7217008471e-01
4.3287631869e-01
5.8728907257e-02
-3.3587154746e-01
-2.7897503227e-02
-1.9445116818e-01
-1.0541671515e-01
-9.1211847961e-02
3.0311051011e-01
5.9430676699e-01
-5.1115268469e-01
6.1424966902e-02
1.4270487428e-01
-2.7908118442e-02
3.6561470479e-02
-6.6676050425e-02
2.3562820628e-02
4.8644784838e-02
-4.4103786349e-02
-3.8379278034e-02
4.1281651706e-02
-2.1895264089e-01
3.6658607423e-02
6.3867084682e-02
-1.7148205638e-01
-3.2098495960e-01
-3.4032696486e-01
-3.1066644937e-02
-9.8852910101e-02
-3.4760847688e-02
3.0865398049e-01
-5.5203640461e-01
1.5264202375e-03
7.3458969593e-01
-7.8532382846e-02
-1.0407574475e-01
1.4452219009e-01
3.5650473833e-01
-1.1216476560e-01
2.3388141394e-01
5.9122707695e-02
-3.4484925866e-01
2.3837964237e-01
-5.1307532936e-02
8.2471206784e-02
-1.3574513607e-02
9.5089800656e-02
-2.4607628584e-01
3.6523651332e-02
4.9248543382e-01
1.8924336135e-01
-1.0314481705e-01
1.1055730283e-01
3.1849163771e-01
4.0182616562e-02
2.8219991922e-01
1.1131017655e-01
1.0223816149e-02
-1.7432364821e-01
-1.8724316731e-02
2.4209812284e-02
3.0128791928e-01
4.1317054629e-01
-5.4319280386e-01
2.9576349258e-01
-1.5142014623e-01
-2.0565655828e-01
1.3014775515e-01
5.2552658319e-01
-4.0845686197e-01
-1.7613627017e-01
-1.3388037682e-01
1.4778460562e-01
-1.2819862366e-01
-7.7588111162e-01
-3.5781408660e-03
7.6492774487e-01
-5.6560266018e-01
-4.8195639253e-01
-1.0475615263e+00
-1.3609966040e+00
4.0172928572e-01
-2.4424676597e-01
-4.2543610930e-01
-6.6667222977e-01
-3.1204536557e-01
-1.4083516598e-01
-3.2364869118e-01
2.2367163002e-01
-4.1400474310e-01
3.7669745088e-01
-5.2399992943e-01
1.2221313268e-01
-2.3560461402e-01
-5.5181896687e-01
-4.1186112165e-01
3.1509903073e-01
-2.0419625938e-01
-9.7850516438e-02
2.9416233301e-01
3.3539542556e-01
-5.2451616526e-01
-1.9519895315e-01
-9.7070348263e-01
-4.0606555343e-01
-8.1142562628e-01
-1.0558387041e+00
-1.1596919298e+00
-2.5019171834e-01
-6.5435302258e-01
7.8164309263e-01
-1.0631433725e+00
-4.0447956324e-01
-1.2057707459e-01
2.9458224773e-01
-6.8285897374e-02
-6.2493119389e-02
-9.5454476774e-02
7.6775318384e-01
2.0849467814e-01
8.0143518746e-02
-6.4061924815e-02
2.4104514718e-01
3.0389556289e-01
7.4048215151e-01
-2.7286247350e-03
-1.8384441733e-01
3.2253283262e-01
-1.1738345772e-01
7.0090007782e-01
-1.5066213906e-01
4.7951546311e-01
7.5224179029e-01
8.4672510624e-02
-1.1107096821e-01
1.1328165978e-01
4.3558713794e-01
7.7486962080e-02
-2.1690007299e-02
1.4071692526e-01
4.7468885779e-01
-1.0317107290e-01
1.2198509276e-01
-7.6179891825e-02
-8.2725090906e-03
2.8792941943e-02
-4.7528345138e-02
-2.3287163675e-01
8.5763800889e-03
-3.2983243465e-02
-1.0001708567e-01
-1.3689232059e-02
3.8105484098e-02
6.3987088203e-01
-1.1566508561e-01
4.2556667328e-01
-7.8686170280e-02
-1.9832955301e-01
8.9757996798e-01
-6.4551895857e-01
-1.0163809061e+00
7.5986273587e-02
6.6987186670e-01
2.5460481644e-01
-1.4416784048e-02
-2.7892019600e-02
-2.0143998787e-02
-1.5966543555e-01
-4.1063675284e-01
-9.7238749266e-02
-3.8167408109e-01
6.5734052658e-01
8.5792094469e-01
-2.2853344679e-01
2.3469446599e-01
3.5230699182e-01
-2.1190738678e-01
1.7619825900e-01
3.6384350061e-01
-1.9592154026e-01
6.4863301814e-02
-3.4103602171e-01
-9.2776380479e-02
-2.4866284430e-01
1.1434969492e-02
2.7362400293e-01
2.4438954890e-02
-2.5495198369e-01
1.7723495141e-02
5.0397384912e-02
-1.6101659834e-01
-1.6931632161e-01
1.0988336056e-01
6.2043327093e-01
2.3608958349e-02
1.2601917982e-01
2.4722479284e-01
3.4493559599e-01
-6.4574107528e-02
1.0845020413e-01
-6.8471610546e-01
-1.5503499890e-03
3.1250092387e-01
-3.4073457122e-01
-9.9625974894e-02
2.3828278482e-01
6.3373006880e-02
-2.8189107776e-01
7.6174112037e-03
2.4483740330e-01
-5.3699858487e-02
-1.9411231577e-01
2.1353070438e-01
-7.0731177926e-02
-2.4882435799e+00
-2.7554911375e-01
-7.7906692028e-01
-6.2542247772e-01
-7.5924200937e-03
-5.2167725563e-01
-1.0945829153e+00
-8.9228177071e-01
-4.2393073440e-01
2.5972032547e-01
-1.5048031509e-01
2.3191441596e-01
-1.3440999389e-01
-1.0167140961e+00
-4.9066171050e-01
4.7346669436e-01
-7.4864828587e-01
2.0070828497e-01
2.7387118340e-01
6.6442245245e-01
-1.1800265638e-03
1.3752791286e-01
1.5312711895e-01
1.1386013031e-01
2.2676665336e-02
-1.4215262234e-01
2.0255963504e-01
2.6987412572e-01
4.8575100303e-01
3.7069615722e-01
-1.0605526716e-01
1.6082371771e-01
-8.4844177961e-01
2.3559364676e-01
4.7560494393e-02
-3.8620010018e-01
-5.9997880459e-01
5.2567648888e-01
-5.7230275124e-02
-7.9798065126e-03
-1.6648107767e-01
2.2094215453e-01
2.1128766239e-02
-6.3196457922e-02
-1.3371676207e-01
4.1370061040e-01
-1.0651700199e-01
-7.6199257374e-01
-2.0984618366e-01
-8.2291251421e-01
4.7485789657e-01
9.2379208654e-03
-3.6616259813e-01
3.4146975726e-02
-8.8350951672e-02
-1.1128418893e-01
1.8731860816e-01
-6.4061075449e-01
1.7304902896e-02
4.2997545004e-01
-2.9693663120e-01
3.0866703391e-01
1.2742835283e-01
-6.2100786716e-02
-1.7111374140e+00
-2.1898433566e-01
-5.5093068630e-02
-6.0598105192e-01
-3.3084999770e-02
-2.2069985867e+00
1.3617773354e-01
2.1722917259e-01
-8.1240171567e-03
3.0970683694e-01
2.6367193460e-01
6.8785327673e-01
-3.8176929951e-01
-2.4633203447e-01
3.0480095744e-01
2.4182280526e-02
-5.9718821198e-02
7.0997498930e-02
-2.4814870954e-01
-8.6408430338e-01
-2.4037392437e-01
-6.5337336063e-01
-7.8814399242e-01
-7.3283617385e-03
-9.0330414474e-02
-3.3658817410e-02
-3.9736740291e-02
3.4399241209e-01
4.1333201528e-01
-4.5880910009e-02
2.7973361313e-02
5.5999338627e-01
-7.5083397329e-02
2.9848086834e-01
1.2857338786e-01
2.9578998685e-01
4.5894184709e-01
-2.6999160647e-01
-6.6670298576e-01
-5.1258434542e-03
1.7953333259e-01
-3.1836712360e-01
-1.6013188288e-02
3.8507544994e-01
7.9552602768e-01
-6.3501313329e-02
-2.6488479972e-01
-2.2649101913e-01
-1.2693269551e-01
-3.0779582262e-01
-1.4664267004e-01
-3.0761978030e-01
1.5002942085e-01
-4.4129204750e-01
2.2522354126e-01
1.4110498130e-02
4.0404090285e-01
-9.3392319977e-02
-5.1178753376e-01
3.9546459913e-01
3.4536442161e-01
-1.7125977576e-01
-1.1150114536e+00
7.8400290012e-01
5.6487762928e-01
-3.9345160127e-01
2.0302024484e-01
-2.9874449968e-01
-4.8449394107e-01
-7.3487138748e-01
2.6453030109e-01
3.1916674972e-01
-1.1954646111e+00
-4.4845351577e-01
4.0353161097e-01
-7.1048754454e-01
-7.2257313877e-03
-7.5640767813e-02
9.6197366714e-02
2.5435414910e-01
-7.8119719028e-01
1.4559285343e-01
-1.4111416042e-01
4.5699262619e-01
-8.2107365131e-01
-1.4848514795e+00
1.0872014798e-02
4.6601718664e-01
-4.1131934524e-01
4.5545786619e-01
-5.0299578905e-01
4.5449435711e-01
-2.1978272498e-01
-2.2466331720e-01
-2.8232151270e-01
