# Shape: [20, 20]
2.1613287926e-01
2.5380802155e-01
8.2650840282e-01
7.5770521164e-01
1.1273406744e+00
8.3909744024e-01
6.6967421770e-01
5.8629035950e-01
1.0339401960e+00
1.7759076357e+00
4.0077441931e-01
1.7505517006e+00
-7.1316397190e-01
1.3530282974e+00
-6.1593610048e-01
-7.5371730328e-01
7.4238312244e-01
2.9130262136e-01
4.4347861409e-01
-7.5711533427e-02
-3.5845610499e-01
-1.4898779988e-01
1.0124576092e+00
-6.6032510996e-01
1.3594229519e-01
-1.7997811735e-01
-5.1818948984e-01
8.4351319075e-01
-6.1942100525e-01
3.1712740660e-01
-8.5809528828e-01
-1.6355725527e+00
-4.2709240317e-01
-8.2804268599e-01
2.2455739975e-01
-2.1055646241e-01
1.3695760071e-01
1.4696686268e+00
1.1344665289e+00
-4.0734353662e-01
-1.4899362326e+00
-3.0753107071e+00
4.4078743458e-01
7.2667735815e-01
-2.7981939912e-01
-9.9420911074e-01
3.2108592987e-01
3.8729974627e-01
-1.1067974567e+00
2.1214140952e-01
-1.8917609705e-03
-7.8448979184e-03
4.8701149225e-01
1.6272637248e-01
1.5782449245e+00
6.9832092524e-01
-3.3734878898e-01
6.8103581667e-01
1.1204618216e+00
-1.9204628468e-01
-1.5766232014e+00
-4.0012007952e-01
4.3966472149e-01
8.2059401274e-01
8.0279842019e-02
5.5044025183e-02
-2.2383115292e+00
5.6110680103e-01
-1.2746341527e-02
7.0542752743e-01
-2.1472663879e+00
7.4243819714e-01
-7.6273113489e-02
1.2910580635e+00
-1.5307140350e-01
-2.1261131763e+00
-1.4549808204e-01
7.7181625366e-01
1.5368267894e-01
-5.9661471844e-01
-1.6867325306e+00
-8.3613336086e-01
1.2977420092e+00
8.0601823330e-01
-2.0847415552e-02
-3.6963236332e-01
-2.8094742298e+00
9.0922582150e-01
-5.9683048725e-01
5.3198128939e-01
-2.3584277928e-01
1.9653043151e-01
-2.4526695907e-01
5.0434881449e-01
5.1692682505e-01
1.5641398430e+00
-4.5829638839e-02
1.0447242260e+00
5.4415327311e-01
-1.7027330399e-01
-1.9030277431e-01
-1.1229180098e+00
-2.9234305024e-01
3.5979810357e-01
2.4235843122e-01
-3.1839224696e-01
7.1051883698e-01
2.7487811446e-01
-9.0471899509e-01
9.8871827126e-01
1.1083431244e+00
5.0263798237e-01
2.6530517265e-02
2.9659318924e-01
-1.7435034513e+00
5.5819809437e-01
2.9197412729e-01
6.7516469955e-01
-7.6216810942e-01
6.8269744515e-02
-1.9025149345e+00
-1.1573548317e+00
8.2510161400e-01
5.7497072220e-01
4.9285564572e-02
-4.2197525501e-01
-8.9214909077e-01
6.5730494261e-01
-4.2455583811e-01
3.5567277670e-01
-4.4440039992e-01
3.1279706955e-01
-7.4319958687e-02
4.4247162342e-01
9.7358679771e-01
7.3461455107e-01
-1.6552600265e-01
1.0478599072e+00
4.5003288984e-01
-1.9680103064e+00
-2.4580658972e-01
2.3725779057e+00
8.3870470524e-01
1.1843378097e-01
-1.2054820061e+00
-3.1612963676e+00
2.0276196301e-01
3.7591642141e-01
-2.7873845100e+00
-4.7179257870e-01
2.0555266738e-01
-6.2304455787e-02
-1.2174351215e+00
-4.3147763610e-01
8.0890983343e-01
1.1730525494e+00
-1.5409065485e+00
6.8822431564e-01
7.9955661297e-01
1.8030925989e+00
-1.7954801321e+00
-1.7851499319e+00
7.1904617548e-01
-6.5266054869e-01
-2.8104853630e-01
-7.4693995714e-01
-4.2298316956e-02
5.5291235447e-01
-8.6594092846e-01
2.9338955879e-01
4.1009312868e-01
8.6275166273e-01
-7.4719470739e-01
7.9533314705e-01
1.3201355934e+00
2.9425317049e-01
-4.1499593854e-01
8.3311980963e-01
7.9029381275e-01
-4.8999348283e-01
1.0531708002e+00
-2.3671679199e-01
-3.3194926381e-01
-5.4278708994e-02
3.8529717922e-01
-8.6832247674e-02
8.4228537977e-02
3.3224016428e-01
-5.0751328468e-01
5.5229401588e-01
1.3576591015e+00
-1.3537161350e+00
2.2389271855e-01
1.4091764390e-01
4.4696722180e-02
-3.2978111506e-01
7.5420588255e-02
1.3777508736e+00
-2.0113925934e+00
-4.6860301495e-01
-1.2901852131e+00
-3.9653152227e-01
5.3958412260e-02
-3.0428144336e-01
6.7001461983e-01
-8.7694513798e-01
1.3485352695e-01
8.8948523998e-01
-6.2634879351e-01
4.6055939794e-01
-8.1830328703e-01
7.4626982212e-01
-1.4490927458e+00
8.4266507626e-01
5.8355975151e-01
3.9722388983e-01
-4.5786160231e-01
-3.6133158207e-01
1.2881062031e+00
-8.6766773462e-01
-2.0269209146e-01
7.1435578167e-02
1.3705417514e-01
-9.9344873428e-01
4.9431478977e-01
-4.6827453375e-01
-6.4939773083e-01
4.9584025145e-01
-5.9292137623e-01
-6.4746491611e-02
-7.7268171310e-01
7.5244235992e-01
5.9085667133e-01
9.2077207565e-01
-7.3737937212e-01
6.1928802729e-01
-2.4198289216e-01
1.7815813422e-02
7.5072050095e-01
-2.3944652081e+00
-4.6471503377e-01
-1.6851937771e+00
9.2292624712e-01
6.9887775183e-01
-6.2863297760e-02
-6.2388592958e-01
-2.8585681319e-01
5.0535595417e-01
-5.6044948101e-01
5.1063704491e-01
4.5514944941e-02
-1.9436319172e-01
-6.3112266362e-02
-2.3867511749e-01
1.1492716074e+00
4.4084751606e-01
-2.9319620132e-01
8.0927377939e-01
4.6720167994e-01
-5.4065889120e-01
3.9724802971e-01
-7.3709070683e-02
2.3129907250e-01
1.4122688770e+00
3.4314849973e-01
-1.6945171356e-01
-2.3779325485e+00
3.5417658091e-01
-2.4675542116e-01
8.7605321407e-01
-6.0376858711e-01
-4.1952863336e-01
1.6494770348e-01
-8.7236607075e-01
1.7428342998e-01
6.1756950617e-01
3.2270006835e-02
-7.8131401539e-01
1.6756466031e-01
8.9469987154e-01
-9.5988041162e-01
-6.1655622721e-01
-2.9491582513e-01
5.8877271414e-01
8.9059543610e-01
6.5831708908e-01
-6.0886390507e-02
3.8075786084e-02
7.3855793476e-01
1.3449122906e+00
4.6404477954e-01
7.0996183157e-01
-3.4410989285e-01
6.6843068600e-01
-2.0985829830e+00
-1.3598576784e+00
1.2606796622e-01
-5.2052778006e-01
4.4064130634e-02
-1.1387570202e-01
5.7605396956e-02
-5.5624759197e-01
3.3477073908e-01
1.6311973333e-01
4.5586222410e-01
-2.1815595031e-01
-7.8378111124e-01
6.5587168932e-01
-5.7857102156e-01
5.7533347607e-01
-2.1196527779e-01
-8.3191114664e-01
-3.0841317773e-01
-2.9655873775e-01
2.4418948591e-01
-6.8466758728e-01
1.0221750289e-01
8.9269578457e-01
7.7021217346e-01
-2.9998168349e-01
-7.2108930349e-01
-1.0669203997e+00
-9.5419054851e-03
1.6334087849e+00
2.1086712182e-01
1.2014782429e+00
-4.2131882906e-01
1.6524881124e-02
1.4817365408e+00
1.0301159620e+00
-5.2611555904e-02
4.9098628759e-01
-1.7951229811e+00
-4.5731836557e-01
-7.6383608580e-01
1.9356664419e+00
8.8091623783e-01
-2.5988310575e-01
9.7017012537e-02
1.5619608164e+00
9.1141617298e-01
8.5294306278e-01
1.0448639393e+00
-5.6403160095e-01
-5.9459567070e-01
-2.2752318382e+00
3.5153785348e-01
9.0443867445e-01
-1.9946933985e+00
-6.6950082779e-02
1.2008169293e-01
-7.9615551233e-01
-8.5045373440e-01
5.0932562351e-01
5.2797603607e-01
1.9275565445e-01
-1.2871241570e+00
4.6214362979e-01
8.5720413923e-01
-1.9227620959e-01
-1.0615482330e+00
-1.0741427541e-01
4.8250985146e-01
-7.5744175911e-01
-1.5822494403e-02
-5.9653484821e-01
3.2544478308e-03
2.8192102909e-01
1.5605643392e-01
9.9955581129e-02
-2.0809183121e+00
6.3940054178e-01
-2.4843766689e+00
-1.7056478560e-01
4.6895471215e-01
-4.9157389998e-01
4.6732264757e-01
1.5772438049e-01
8.1874561310e-01
-2.8836557865e+00
-5.8761592954e-02
-1.6179290414e-01
5.5766761303e-01
-1.6145182848e+00
7.1038460732e-01
-6.0160815716e-02
2.7389967442e-01
1.3909156322e+00
-6.1051517725e-01
9.4857180119e-01
-2.2765786648e+00
3.8726776838e-01
-2.6207971573e-01
1.1301757097e+00
-5.3073716164e-01
-1.3249601126e+00
2.6259282231e-01
1.2671800330e-02
9.4057768583e-01
-1.2803567648e+00
