# Shape: [20, 20]
6.9988620281e-01
1.0357417911e-01
-6.4072042704e-01
-1.5040689707e+00
4.0638616681e-01
4.1217562556e-01
1.8967683613e-01
5.7010006905e-01
-3.1810358167e-01
-9.9858003855e-01
-2.2045636177e+00
-7.2993777692e-02
-1.9250411987e+00
2.8358131647e-01
-2.4782937765e-01
9.7887754440e-01
-9.0228921175e-01
6.5249043703e-01
-6.8343526125e-01
1.1659561396e+00
2.1286723018e-01
-1.1447463185e-01
6.2264126539e-01
5.3047466278e-01
-7.6151490211e-01
3.4933485091e-02
-5.6507104635e-01
1.1615981907e-01
3.1796401739e-01
3.2790997066e-03
1.7400554419e+00
-5.5428010225e-01
-8.7537333369e-02
-2.8079253435e-01
9.4119966030e-01
-8.7193250656e-01
6.9551652670e-01
-9.8768699169e-01
5.9107118845e-01
-1.8919223547e-01
-7.7318441868e-01
7.0910495520e-01
-2.2471141815e+00
-9.1359740496e-01
1.2859107256e+00
4.6341419220e-01
-3.5472020507e-02
8.1278908253e-01
-8.4523552656e-01
-8.6714327335e-01
-7.0996701717e-01
-3.1274345517e-01
-8.7395966053e-01
-1.2271763086e+00
-1.8698228896e-01
7.5606733561e-01
-4.5742744207e-01
7.5856733322e-01
-1.6458977759e-01
1.2010958046e-01
-5.8541345596e-01
4.3247911334e-01
-1.0735907555e+00
-4.6473252773e-01
2.7435797453e-01
2.6857438684e-01
-8.8808530569e-01
5.1984184980e-01
-2.0379695296e-01
-2.3289537430e+00
-1.9517742395e+00
7.0940643549e-01
8.3832211792e-02
-2.4696603417e-01
5.1831263304e-01
7.6101672649e-01
-2.2129020691e+00
3.9386940002e-01
-2.2447521687e+00
9.6485066414e-01
-1.7483048141e-01
-2.1910225973e-02
-1.3322460651e+00
-6.4835116267e-02
9.1245181859e-02
5.3389441967e-01
-3.6815124750e-01
2.1262864769e-01
-1.2105724812e+00
3.7221357226e-01
-4.2184332013e-01
-2.0333662033e+00
-1.2253843993e-01
-1.9037152827e-01
-2.9524290562e-01
-1.3612410426e-01
-1.7002710700e-01
-3.4306642413e-01
5.7513219118e-01
3.4100884199e-01
-1.0424430370e+00
-6.4788544178e-01
5.6411403418e-01
1.6856504977e-01
-7.2672046721e-02
1.2858980894e-01
-2.2419908643e-01
2.6391041279e-01
-1.7025021315e+00
1.2132921256e-02
1.2653828859e+00
-2.1539045870e-01
-1.8337403238e-01
4.7862917185e-02
-5.8281123638e-01
-8.5192310810e-01
5.4905414581e-01
-1.7799796164e-01
8.3648246527e-01
-4.2720744014e-01
1.8328337371e-01
-5.2400356531e-01
-6.1915236712e-01
9.8329669237e-01
4.4937112927e-01
1.1491137743e+00
3.7641552091e-01
9.3225538731e-02
-7.3768037558e-01
6.1998182535e-01
-2.0564742088e+00
-8.4157544374e-01
1.2014843225e+00
6.7248922586e-01
-9.3078851700e-02
-4.0282022208e-02
-9.1310364008e-01
9.8042339087e-01
-1.8562763929e-01
-9.1035276651e-01
-3.6083316803e-01
-7.5300484896e-02
-1.8606063128e+00
-4.2983126640e-01
1.0778608322e+00
3.8995739818e-01
-2.1167395115e+00
2.9675263166e-01
-2.2873196006e-01
-3.6735349894e-01
-9.7794711590e-01
-1.4373884201e+00
-9.2635297775e-01
-7.5361138582e-01
-6.9126993418e-01
1.8008305132e-01
-2.9717552662e-01
8.6425673962e-01
4.4343568385e-02
7.4481405318e-02
-7.3629848659e-02
-2.0333993435e-01
3.8258746266e-01
1.5320989490e-01
-1.9013722241e-01
2.0769764483e-01
-4.6052512527e-01
6.2153482437e-01
-1.7237707376e+00
2.1616798639e-01
8.5318797827e-01
-8.7779635191e-01
5.0286620855e-01
1.3703116775e-01
4.6677520871e-01
-5.4218435287e-01
4.2557573318e-01
-7.5740613043e-02
5.2447795868e-01
-6.7601478100e-01
-5.2736693621e-01
7.9310101271e-01
-2.5291306973e+00
-3.9180526137e-01
5.7121229172e-01
9.2351716757e-01
-4.3422710896e-01
1.0454878956e-01
-1.3928992748e+00
1.3903629780e+00
-8.1324434280e-01
-3.0197725296e+00
-3.6606246233e-01
-9.9822074175e-01
-3.6468845606e-01
-5.3439033031e-01
2.9350459576e-01
-6.6547119617e-01
3.4825932980e-01
-7.1092236042e-01
-3.5334968567e-01
7.6307523251e-01
-1.6388481855e+00
-1.0009491444e+00
4.9636808038e-01
8.2362872362e-01
1.7264725268e-01
-6.4970797300e-01
-3.7799763680e-01
-1.5775215626e+00
-1.1393781900e+00
-1.4545917511e-01
-7.3941558599e-01
-7.0775967836e-01
3.8831982017e-01
-1.2281099558e+00
-3.9256282151e-02
-4.0498408675e-01
6.7936249077e-02
2.2580541670e-01
-6.9540715218e-01
1.5770943165e+00
-1.7938776016e+00
9.6609896421e-01
-2.2085583210e-01
-5.1027834415e-01
3.2433542609e-01
-4.6633583307e-01
-2.1013447642e-01
6.0105279088e-02
-2.0178420544e+00
7.9887557030e-01
-4.6454271674e-01
1.5823449939e-02
1.2326562405e+00
1.2621967494e-01
-2.4189848900e+00
5.5825215578e-01
-1.7159066200e+00
2.8245937824e-01
8.2826292515e-01
-1.2109141350e+00
-7.0553386211e-01
3.3391007781e-01
-1.0450536013e+00
4.9427889287e-02
1.0785118341e+00
8.9659743011e-02
8.1228381395e-01
-1.1594204903e+00
6.6909629107e-01
1.2928733826e+00
-3.0545464158e-01
7.2688311338e-01
-6.4699590206e-02
4.9074128270e-01
3.8334950805e-01
-1.9765648246e-01
3.6546409130e-01
-6.6302365065e-01
-2.5086939335e-01
1.1762727499e+00
-1.2901715040e+00
4.5304289460e-01
-1.0470817983e-01
-2.1107134223e-01
4.3035322428e-01
-1.1063643694e+00
5.2391660213e-01
-1.3114308119e+00
-1.2419250011e+00
9.3018203974e-01
-5.2331072092e-01
-1.5864065289e-01
1.2213418484e+00
8.0769695342e-02
-1.2524943352e+00
4.3990710378e-01
-1.3982830048e+00
2.0023743808e-01
-8.1531512737e-01
2.5003251433e-01
8.1224983931e-01
1.6955101490e-01
-1.2876832485e+00
-1.4383351430e-02
5.5875462294e-01
-6.2483483553e-01
1.6587227583e-01
5.7839870453e-02
-1.7463512719e-01
-1.2368315458e+00
2.1613466740e-01
-7.1975570917e-01
4.6664214134e-01
5.3222411871e-01
3.8415277004e-01
-1.4410037994e+00
-1.1862210929e-01
3.9968720078e-01
-1.2760310173e+00
6.3757187128e-01
-1.6992831230e-01
-1.0931938887e+00
-1.4742039144e-01
5.7370382547e-01
5.8362245560e-01
4.8522141576e-01
-1.2229104042e+00
-2.1495462954e-01
-6.0298281908e-01
4.2537042499e-01
3.3497658372e-01
2.8810098767e-01
-2.2160102427e-01
-1.0774898529e+00
1.2798924744e-01
1.3983730972e-01
-2.4470208585e-01
-1.3715592027e-01
-4.8024675250e-01
3.8138031960e-01
-8.0963248014e-01
3.9436814189e-01
-2.6362078264e-02
2.2916531563e-01
-1.1152435541e+00
2.5022262335e-01
-2.0405173302e+00
2.6278567314e-01
-2.3659974337e-01
5.4264154285e-02
5.8747065067e-01
7.2462104261e-02
4.5706567168e-01
-6.8042409420e-01
6.2853211164e-01
-3.4282481670e-01
5.7543587685e-01
-6.4542615414e-01
-1.3699173927e-01
-7.3354050517e-02
-1.7701691389e+00
-4.9861878157e-01
1.0534214973e+00
5.5130457878e-01
-1.7533873022e-01
-2.9285272956e-01
-6.9768661261e-01
-3.4076264501e-01
-7.9918986559e-01
2.5166309206e-04
-3.3935236931e-01
-1.0656319559e-01
-1.4093048871e-01
1.6932669282e-01
-2.5208812952e-01
3.1618982553e-01
-5.0948001444e-03
3.6985385418e-01
-2.3004422188e+00
-7.2611272335e-02
-2.1124467850e+00
-3.6271193624e-01
1.1448366642e+00
1.8467873335e-01
-1.2149790525e+00
1.1197139025e+00
-1.4587687254e+00
-6.7850905657e-01
-3.3585605025e-01
-1.1911375523e+00
3.4818714857e-01
-1.9651314020e+00
-1.7912360430e+00
6.6780227423e-01
3.8733821362e-02
2.4021174014e-01
-5.6888306141e-01
5.0398719311e-01
-4.9530747533e-01
1.4634181559e-01
-2.2651313245e-01
-3.3808788657e-01
5.7979160547e-01
2.7378246188e-01
-1.2489327788e-01
-3.9573195390e-03
-7.9463618994e-01
-2.1402230859e-01
-1.1099593639e+00
9.4568181038e-01
1.3365525007e-01
2.5386819243e-01
-1.0105817020e-01
1.0841586590e+00
-2.0169775486e+00
8.4939730167e-01
-1.3976069689e+00
2.9687750340e-01
