# Shape: [64]
-4.0036043525e-01
1.4954170585e-01
2.3144848645e-01
2.4555325508e-01
1.7616912723e-01
9.6404237747e+00
8.3196172714e+00
8.7410807610e-03
-2.4533948302e-01
-8.4121036530e+00
-1.2095029831e+01
-5.0486177206e-01
2.8519430757e-01
-1.6470458508e+00
5.3657048941e-01
2.1236505359e-02
-2.3724684715e+00
-2.0550100133e-02
1.3624155521e-01
2.9792162776e-01
4.3522626162e-01
3.0670219660e-01
-2.8206357360e-01
-4.8279479146e-01
-1.2244344689e-02
4.1905146837e-01
4.0140408278e-01
1.5974557400e-01
8.7565258145e-02
-2.0857262611e-01
-3.1144493818e-01
2.5576940179e-01
-2.2380486131e-01
1.7936737835e-01
-8.4570668638e-02
-6.5786355734e-01
2.8850963116e+00
1.1003108025e+00
-4.7350007296e-01
-2.1824187040e-01
6.9035658836e+00
4.6749119759e+00
4.7023645043e-01
1.4010937512e-01
-2.4527370930e-01
1.6134347916e+00
7.2639539838e-02
3.5025188327e-01
1.1593909562e-01
-4.2507275939e-01
-1.7733389139e-01
6.3885912895e+00
3.2656252384e-01
-4.8489075899e-01
4.0411260724e-01
-3.1383302808e-01
5.4136019200e-02
4.1123875976e-01
8.4999113083e+00
2.1648271382e-01
3.2399399281e+00
8.5563033819e-01
-4.8406630754e-01
5.1150325686e-02
