# Shape: [1, 64, 5]
# Original tensor was reshaped from [1, 64, 5] to 1D array
-9.0232323855e-03
7.1575567126e-03
-1.4492218615e-03
1.1140592396e-02
-1.3301690109e-02
-4.2715016752e-03
-1.6814464470e-03
-6.9576343521e-03
4.7879111953e-03
-6.2626036815e-03
-2.0308541134e-02
9.5785139129e-03
6.2059592456e-03
-2.3336247541e-03
-4.2315260507e-03
-1.2408123352e-02
-6.1959414743e-03
-9.8675461486e-03
1.5298075043e-02
2.9943389818e-03
2.7066664770e-02
-4.3828599155e-02
-6.6477842629e-02
-3.0071048532e-03
1.0300476849e-01
-1.0570604354e-03
-2.1050749347e-03
6.3852292299e-01
1.0415728390e-01
4.4077470899e-02
-6.2645681202e-02
1.8448886694e-03
1.2618900836e-01
-3.6419774406e-03
-1.4769217931e-02
1.0481952690e-02
1.0417591548e-03
5.4895440117e-03
2.9475032352e-03
-3.8453761954e-03
9.9205477163e-03
-6.6082226112e-03
2.5073918514e-03
-1.2017456815e-02
-9.6568837762e-03
-1.5275304206e-02
-2.9925705865e-02
-1.4331136644e-01
-4.3493386358e-02
-1.5366305597e-03
1.5256411396e-02
7.8924492002e-02
1.6549698114e+00
7.6450407505e-02
2.4146783107e-04
-1.1379001662e-02
-1.7234623432e-02
8.7869185954e-03
4.7701629810e-03
-1.0871300474e-02
-2.5367056951e-03
3.3793284092e-03
-4.0168669075e-03
5.2207610570e-03
9.0726837516e-03
-2.3535301443e-03
-4.3149213307e-03
1.5143726021e-02
-4.6826995094e-04
-3.2004057430e-03
2.2241640836e-02
1.2229112908e-02
-3.2068090513e-03
9.3904230744e-03
4.9389451742e-03
6.9183326559e-04
-3.1527198851e-02
-7.6588443480e-03
2.5090757757e-02
3.7770673633e-02
1.8809961155e-02
2.3546224460e-02
-1.4636467397e-01
1.7991651595e-01
5.0761248916e-02
-7.4856267311e-03
-2.6013677940e-02
-3.4757314716e-03
-1.2178730220e-02
2.1619601175e-03
1.2112329714e-02
1.3738810085e-02
-9.7666084766e-03
-1.4524676837e-02
4.7489288263e-03
-1.5380616300e-02
-9.5135979354e-03
8.2019343972e-03
1.0490101762e-02
2.1507062484e-03
2.4274691939e-02
-1.8384720897e-03
-1.5143282712e-02
2.0903989207e-03
1.9112924114e-02
6.7093754187e-03
9.7501864657e-03
-6.1047342606e-03
8.9016240090e-03
1.0270806961e-02
-1.5613966389e-03
3.7573822774e-03
-4.1165836155e-03
-2.6045879349e-03
1.1843716726e-02
-3.3172443509e-03
1.4048966113e-03
3.4850786906e-03
-6.6447420977e-03
2.2017415613e-03
5.8860527351e-03
-5.8221947402e-03
1.3114670292e-03
-3.3411092591e-03
-1.1588537600e-03
2.2609243169e-02
-2.0094490610e-03
-1.1633004993e-02
5.2743073553e-02
-4.6539131552e-02
-3.3074166626e-02
-3.6702989601e-03
-5.1635201089e-03
8.5919629782e-03
-2.7742320672e-03
-1.2735900469e-02
-2.0147108007e-03
2.3664147593e-03
7.7993227169e-03
8.3306245506e-03
-5.7670520619e-03
8.5221463814e-04
6.7144180648e-03
-1.8542993348e-03
-1.0020296089e-02
-1.0715649463e-02
7.0712026209e-03
5.5698463693e-03
6.3680047169e-03
-1.7094453797e-02
-8.2399593666e-03
-2.0392438397e-02
6.0881860554e-03
-6.9718654267e-03
9.0512651950e-03
-3.3623520285e-02
2.6703238487e-02
-7.5406134129e-03
7.3550441302e-03
-9.0241171420e-03
-1.5672352165e-02
2.9301308095e-03
-3.0478071421e-03
-4.9352034694e-04
-4.6882843599e-03
1.0751572438e-02
-1.2810339220e-02
-1.4881946146e-02
1.1729546823e-02
2.2171135992e-02
1.8826777814e-03
-1.4526372543e-03
5.5869307835e-04
1.4716157457e-03
-2.7258940972e-03
1.3449711725e-02
-6.0397177003e-03
-3.9775553159e-03
-4.2097927071e-03
-5.4228999652e-03
1.8976733088e-02
-3.7981362548e-03
-6.3121668994e-02
1.8126925454e-02
1.7995171249e-02
5.2670143545e-02
4.2753010988e-02
-6.4238280058e-02
-1.7536705360e-02
-1.2566082878e-03
-9.3388790265e-03
-7.3353401385e-03
-2.4626532104e-03
-8.3957407624e-03
1.1599374935e-02
1.3928533299e-03
6.0350061394e-03
-1.1575096287e-03
7.6234486187e-04
-1.0300757363e-02
-5.0280287862e-02
-1.6786402091e-02
-5.2321990952e-03
2.4276770651e-02
-3.7083467469e-03
1.3706154190e-02
4.2766425759e-03
6.3684447668e-03
1.6958525404e-02
1.8516089767e-02
-5.6617338210e-02
5.7009972632e-02
-5.8000795543e-03
8.0558443442e-03
3.0289154500e-02
-4.3083736673e-03
-1.8828705652e-03
-4.2413626797e-03
6.9674672559e-03
-3.5525807180e-03
-2.6609031484e-02
2.5988770649e-03
9.5166178653e-04
-4.7045011073e-02
5.5033493787e-02
1.9022604823e-01
1.2168852240e-01
1.4662687480e-01
5.9358354658e-02
8.8904708624e-02
5.7957833633e-03
7.3297703639e-03
-4.6238373034e-03
-4.7140647657e-03
6.0796602629e-03
7.2654910386e-02
2.2235209122e-02
-8.6635211483e-03
-2.4789754301e-02
3.6928150803e-02
1.6263833269e-02
-2.1169785410e-02
2.2612240165e-02
-3.1759958714e-02
3.4526444972e-02
3.3780653030e-03
-1.9101373851e-02
1.8757613376e-02
-4.1304668412e-03
-1.2738338672e-02
-1.0003737174e-02
4.2201285250e-03
7.0255175233e-03
4.4575347565e-03
5.9594572522e-03
7.1918599308e-02
5.2937962115e-02
-8.1282153726e-02
-9.0383902192e-02
-1.0241219401e-01
-1.0330200195e-02
2.4908291176e-02
-1.4894540422e-02
-5.1229085773e-02
5.4152067751e-02
9.2595051974e-03
1.3666571118e-02
4.7173798084e-03
-1.3962077210e-03
-2.7088537812e-02
8.1822842360e-02
-5.9802222997e-02
3.1909579411e-03
-8.2566076890e-03
1.6190925613e-02
4.9542576075e-02
-8.6203157902e-02
5.0933819264e-02
-1.2361623812e-03
-1.5892351046e-02
-1.9072351279e-03
-2.2427856456e-03
1.5319286846e-02
3.6967385560e-02
-6.8740822375e-02
3.4627253190e-03
1.5856519341e-02
-6.1510726810e-03
1.1138616130e-02
7.4734434020e-04
6.8675507791e-03
-4.6521574259e-03
-1.9191076979e-02
-1.2360810302e-02
5.6985467672e-02
9.8357265815e-03
-2.6757251471e-02
-5.6277872063e-03
1.2038463727e-02
-2.6891902089e-03
4.8990968615e-02
8.1461824477e-02
-7.2708867490e-02
5.2831675857e-02
1.6712613404e-02
-4.6017851681e-02
-1.2929212302e-02
4.8829697073e-02
-3.1150698662e-02
1.8073299900e-02
2.2396570421e-04
3.6804720759e-02
1.1474486673e-03
4.0376852266e-03
7.9223485664e-03
1.9952291623e-03
1.9450397231e-03
8.2553904504e-03
-4.2964103632e-03
-9.5214089379e-03
