# Shape: [64]
5.9014811516e+00
2.2687978745e+00
2.4984135628e+00
1.3475507498e+00
4.1035952568e+00
1.9615770578e+00
3.6553826332e+00
5.3650922775e+00
1.0244041681e+00
5.7848706245e+00
4.6994857788e+00
2.2109766006e+00
4.1017017365e+00
2.2527601719e+00
3.4161694050e+00
1.9791057110e+00
1.0752663612e+00
1.2298240662e+00
2.9920763969e+00
2.5323514938e+00
3.8995561600e+00
1.8487631083e+00
2.0502281189e+00
1.1178959608e+00
1.1607149839e+00
1.6269508600e+00
1.6258747578e+00
2.0541808605e+00
1.4102829695e+00
1.1156674623e+00
9.4934356213e-01
9.0238785744e-01
2.1494889259e+00
2.9736821651e+00
1.3039247990e+00
1.5304143429e+00
2.6537785530e+00
6.6893734932e+00
2.4081182480e+00
1.9078061581e+00
2.5212736130e+00
9.0404987335e-01
1.9876582623e+00
1.8510178328e+00
1.6393700838e+00
2.4317207336e+00
1.2576087713e+00
1.2032663822e+00
1.6338555813e+00
1.4578785896e+00
1.3262908459e+00
2.0880973339e+00
1.4446808100e+00
3.6347961426e+00
1.6555976868e+00
1.5586103201e+00
1.8140285015e+00
1.8704857826e+00
1.8590875864e+00
1.8259539604e+00
2.0200803280e+00
1.6825393438e+00
1.5275975466e+00
1.4924166203e+00
