# Shape: [64]
1.3952940702e+00
3.7385499477e-01
7.4571925402e-01
2.7277410030e-01
7.8716862202e-01
4.6789231896e-01
6.4747858047e-01
3.1977224350e-01
6.5055119991e-01
3.1227955222e-01
1.8407204151e+00
8.5443687439e-01
5.6060752831e-03
2.4743748829e-02
3.4153825045e-01
1.8431940079e+00
9.0952283144e-01
2.3251831532e-01
2.2922700271e-02
3.5069179721e-03
7.4530524015e-01
4.5081159472e-01
5.9909933805e-01
1.6584082842e+00
5.9622347355e-01
2.6875619888e+00
2.4791870117e+00
1.8975554407e-01
6.8325221539e-01
2.5068480521e-02
5.5275672674e-01
1.1216042913e-04
8.5953384638e-01
1.1901485920e+00
1.0037555330e-04
5.9781992435e-01
5.2009373903e-01
3.0698931217e-01
1.4916521311e+00
6.6784209013e-01
1.5019618273e+00
3.2595255375e+00
6.2266635895e-01
5.4151964188e-01
1.4441716671e+00
4.3328908086e-01
1.1077283621e+00
2.7801355347e-02
2.0662722588e+00
7.1136355400e-01
1.1990162134e+00
4.2968013883e-01
4.1992685199e-01
6.1663615704e-01
1.5850182623e-02
3.1009461880e+00
1.4456347227e+00
1.9783763885e+00
9.2256271839e-01
8.8546293974e-01
2.0103507042e+00
6.3832300901e-01
3.4581902623e-01
5.1264429092e-01
