# Shape: [64]
-2.1692902832e+03
5.5847082520e+02
-1.8604672241e+02
2.4311083984e+03
-5.5333251953e+02
3.6466830444e+02
-8.5618786621e+02
-7.1911506653e+01
-5.9313800049e+02
-2.6550433350e+02
-1.8210081787e+03
-7.8196990967e+02
-4.2244494629e+02
-8.4373046875e+02
2.9079220581e+02
-1.7275972900e+03
-7.9622955322e+02
1.0236958008e+03
-6.1708575439e+02
-6.3760546875e+02
-7.8943585205e+02
-2.7243621826e+02
-3.3576409912e+02
-1.9271577148e+03
-5.3890838623e+02
-1.2805490723e+03
-3.2463684082e+03
8.8104296875e+02
-4.1881518555e+02
-7.2811749268e+02
8.9598258972e+01
1.1591654053e+03
-1.3799024963e+02
-1.4774499512e+03
2.9833319092e+02
-2.9593853760e+02
6.5474464417e+01
2.4862501526e+02
-4.0682844238e+03
2.7160424805e+02
-1.0302657471e+03
-2.4625839844e+03
-7.7674841309e+02
5.0938967896e+02
-1.0803487549e+03
4.9263969421e+01
-7.0718725586e+02
2.2568830490e+01
-3.7718156738e+03
-6.3043139648e+02
-8.2797052002e+02
-1.3558558655e+02
3.8618364334e+00
-7.9430151367e+02
2.9463400269e+02
-3.2939565430e+03
-8.0803802490e+02
-1.7589616699e+03
-7.4037493896e+02
-1.6625282288e+02
-2.4493549805e+03
-3.2010565186e+02
1.2713881836e+03
-6.2822570801e+02
