# Shape: [64]
-1.0339887619e+01
-1.0777825356e+01
-2.6025157928e+01
-7.0297994614e+00
-6.0809719563e-01
-5.6566734314e+00
-3.0818531036e+01
-5.4612159729e+01
1.1395643234e+01
-1.1345909834e+00
-2.1285254955e+00
-5.1647238731e+00
-9.9355167150e-01
-2.0683513641e+01
-1.3652175903e+01
1.1702683449e+01
-1.7096704483e+01
1.2032276392e-01
2.9693046570e+01
4.4583003998e+01
-6.4647622108e+00
-2.4842035770e+00
-1.7974199295e+01
3.0259273052e+00
6.5782542229e+00
4.8267712593e+00
-1.3382297516e+01
-1.4916974306e+00
2.0163370132e+01
-1.0096523285e+01
-1.4184967995e+01
2.2988750935e+00
8.0319070816e+00
-2.0803104401e+01
-2.9925336838e+01
-1.0531922340e+01
-1.0976016998e+01
-1.2848325729e+01
-1.5909096003e+00
-4.6376647949e+00
-5.4622060061e-01
-8.3124723434e+00
6.0011953115e-01
-8.9241333008e+00
-1.2557496071e+01
-3.2207925320e+00
-4.0648880005e+00
-9.8471755981e+00
-2.0851804584e-04
-1.7014034271e+01
-1.6487403870e+01
-1.3158825636e+00
2.4949602127e+01
-1.0889137268e+01
-1.7621924877e+00
-1.2419864655e+01
-1.2484123230e+01
-1.2285775185e+01
-7.4908742905e+00
-6.3669528961e+00
8.5061115026e-01
-2.5688182831e+01
-9.9436349869e+00
1.3873726845e+01
