# Shape: [64]
8.5655428469e-02
-1.1763110757e-01
-1.1615337431e-01
1.2408155203e-01
-7.1992471814e-02
-9.9604263902e-02
-9.6250213683e-02
-3.6113817245e-02
-3.2340168953e-02
-7.1074527502e-01
-7.5992798805e-01
-1.3747768104e-01
9.4712665305e-03
6.6707964288e-04
-2.8804615140e-03
-2.7635270357e-01
-1.6952009499e-01
-2.1914707124e-01
-4.7845631838e-01
-1.7313283682e-01
-2.5297787786e-01
-2.1346104145e-01
1.4637771249e-01
-3.1179323792e-01
-1.0699185729e-01
-1.5005682409e-01
-5.3557351232e-02
-7.9615063965e-02
-2.2176040709e-01
-6.6396452487e-02
-1.0300485045e-01
-4.0463078767e-02
-2.8742169961e-02
3.0791229010e-01
-6.0540955514e-02
-1.4546707273e-01
1.3174277730e-02
2.2734032571e-01
-5.3583141416e-02
-2.6920747757e-01
-4.1686914861e-02
-1.9170343876e-01
-1.2645044923e-01
7.2855807841e-02
-1.0278131068e-01
-3.7615379691e-01
2.5095641613e-02
4.5617021620e-02
8.3113722503e-02
-4.6840105206e-02
-5.8191601187e-02
-2.2394625843e-01
-8.7467238307e-02
-2.5623652339e-01
-2.1762745082e-01
6.0522621498e-03
-2.5880810618e-01
6.5136037767e-02
1.5199938416e-01
-8.4907144308e-02
1.3798017986e-02
-3.6046769470e-02
-7.5248636305e-02
4.4009156525e-02
