# Shape: [64]
-8.7766056061e+00
-3.5284255981e+01
-3.9237052917e+01
1.2936094284e+01
-1.2183013916e+01
-3.1829198837e+01
1.6300939322e+00
1.9158138275e+01
1.3989344788e+02
4.6340241432e+00
-2.4710937500e+01
-2.5998939514e+01
-3.1626928329e+01
7.9174560547e+01
1.3143281937e+00
-4.2961380005e+01
-9.0134429932e+01
-8.1404785156e+01
-2.8249887466e+01
-6.5725265503e+01
-1.8994373322e+01
-1.1500806808e+01
7.0886138916e+01
-5.3900459290e+01
-4.3004077911e+01
-2.6603195190e+01
-2.4734060287e+01
-2.5604207516e+00
-1.6184736252e+01
2.0988718033e+01
-5.6426109314e+01
-1.8667039871e+01
-6.1094909668e+01
3.9958454132e+01
-9.6570558548e+00
-3.6303054810e+01
3.0798745155e-01
-1.0663941383e+01
-7.0962867737e+00
-5.3889274597e+01
-3.2932647705e+01
-4.9815773010e+01
2.5663419724e+01
-2.1110603333e+01
1.5733449936e+01
-4.0480121613e+01
7.5234613419e+00
-1.6772256851e+01
-7.3012919426e+00
4.4405464172e+01
5.7188773155e+00
-6.2671459198e+01
4.7265628815e+01
-1.9660474777e+01
-2.2663183212e+01
9.9728202820e+00
-4.1510364532e+01
-2.0590122223e+01
-2.2819427490e+01
-2.3811780930e+01
-4.3951202393e+01
-2.1102603912e+01
-4.5378276825e+01
1.8362364197e+02
