# Shape: [64]
-1.5927454233e+00
-7.4073076248e-01
-2.1479475498e+00
-6.9716745615e-01
-6.5222901106e-01
-2.0558838844e+00
-1.4982459545e+00
-2.1445620060e+00
-3.3551287651e+00
-1.8374352157e-01
1.9992716610e-01
-1.6072447598e-01
2.8754672408e-01
-8.3762151003e-01
-3.2809901237e-01
8.3317056298e-02
-1.5262093544e+00
1.8372438848e-01
-1.6493597627e-01
1.0508170128e+00
-1.6473810375e-01
-2.1490435302e-01
-1.4252203703e+00
-2.9428014755e+00
1.6362035275e+00
2.7156057954e-01
-5.5649757385e-01
-4.2607012391e-01
5.7878202200e-01
-9.7132265568e-01
-1.4048334360e+00
4.4475707412e-01
8.7460082769e-01
-1.4947115183e+00
-1.6201287508e+00
-3.3047035336e-01
-3.2302227616e-01
-3.7725883722e-01
3.0971440673e-01
1.2248581648e-01
-5.0727105141e+00
8.5740998387e-02
3.9365246892e-01
-9.7072088718e-01
-2.0458886623e+00
-1.8680837005e-02
-1.8506616354e-01
-8.7353265285e-01
6.9530314207e-01
-1.1516053677e+00
-1.9574759007e+00
8.3691485226e-02
1.8382816017e-01
-5.8066028357e-01
1.7213726044e-01
-1.6546956301e+00
-1.5744237900e+00
-1.3600852489e+00
6.4262971282e-02
-4.8060777783e-01
7.6085054874e-01
-1.1055735350e+00
-6.2789845467e-01
4.2622354627e-01
