# Shape: [64]
-2.4133360386e+00
-1.3162111044e+00
-2.6247019768e+00
-3.8497123122e-01
-2.2429063320e+00
-5.0176846981e-01
1.4709931612e-01
-3.5211374760e+00
-1.5401667356e+00
-4.0143289566e+00
-2.8966796398e+00
-5.4584032297e-01
-2.1039531231e+00
-5.1992440224e-01
-2.2118099034e-01
-8.6146128178e-01
-3.1453382969e+00
-1.5477573872e+00
-1.0232216120e+00
-1.6062258482e+00
-2.3042101860e+00
-7.9660928249e-01
-1.3314245939e+00
-1.4144866467e+00
-1.6299105883e+00
-4.8142394423e-01
-2.1371331811e-01
-4.9826747179e-01
1.4912177622e-01
-2.0900952816e+00
-1.7807636261e+00
2.4307285249e-01
-1.2714434862e+00
6.3833206892e-02
4.6334851533e-02
-5.6768375635e-01
-8.4181219339e-01
-3.5714027882e+00
-1.6764044762e+00
-2.3470771313e+00
-9.6439552307e-01
-1.4301049709e+00
-7.5508719683e-01
-9.9440234900e-01
-3.4496808052e-01
-1.0568977594e+00
-3.5293805599e-01
-1.5056777000e+00
-4.9786496162e-01
-5.8687001467e-01
5.8934974670e-01
-8.6046618223e-01
-4.1429460049e-01
-1.6446012259e+00
-5.4498845339e-01
-2.9517361522e-01
-5.5573129654e-01
-8.6037439108e-01
-4.9144577980e-01
-6.3129693270e-01
-8.8371717930e-01
-1.0606297106e-01
-1.2887207270e+00
-1.4319231510e+00
