# Shape: [64]
2.5530403200e+08
4.4110316000e+07
1.5462925000e+07
1.6429526400e+08
1.1314618000e+07
2.4475426000e+07
3.0325384000e+07
2.2418116000e+07
1.7299508000e+07
7.1166870000e+06
1.2257530400e+08
4.2241824000e+07
1.0869376000e+07
3.6569372000e+07
3.1621148000e+07
1.9975985600e+08
1.9663352000e+07
4.8010012000e+07
2.0966006000e+07
1.5454951000e+07
6.6523620000e+07
1.8316212000e+07
7.0689970000e+06
7.8580568000e+07
2.9258292000e+07
1.2397293600e+08
3.1305766400e+08
2.8377754000e+07
1.3769794000e+07
2.0615836000e+07
2.0289511250e+06
4.4436152000e+07
4.0600580000e+07
1.6835817600e+08
7.3349910000e+06
3.6768152000e+07
2.8264615000e+06
1.6847550000e+07
5.7553376000e+08
3.0541165000e+06
5.8583720000e+07
1.7125742400e+08
1.1418710000e+07
1.9498542000e+07
1.4414761600e+08
2.7652740000e+06
2.5517306000e+07
4.5026350000e+06
4.7444636800e+08
1.9481274000e+07
1.8308592000e+07
7.8926570000e+06
2.8363845000e+06
2.0468112000e+07
7.4043280000e+06
3.0841939200e+08
4.1663988000e+07
8.0586048000e+07
2.1123012000e+07
3.8548652500e+06
2.2896747200e+08
1.2242583000e+07
1.3622296000e+08
1.3764645000e+07
