# Shape: [64]
1.1824746430e-01
5.8677110821e-02
4.2591524124e-01
7.5453028083e-02
9.8193310201e-02
3.8197200745e-02
-5.5029656738e-02
1.7038813233e-01
3.6968406290e-02
-1.1210512370e-02
-2.2212937474e-02
1.5929605067e-01
-1.0248366743e-01
-8.7106719613e-02
1.3539916277e-01
1.8145732582e-01
2.6209002733e-01
2.1792454645e-02
7.0220425725e-02
1.1489893310e-02
8.1232655793e-03
-1.0080545396e-01
2.1108670533e-01
1.5287062526e-01
-3.5741057247e-02
1.4059543610e-01
-2.0374739170e-01
4.2880851775e-02
6.1489451677e-02
-9.1141946614e-02
7.6313056052e-02
1.9036401063e-02
1.2436119467e-01
6.0477536172e-03
-8.1192344427e-02
8.8808901608e-02
5.0519886427e-03
1.2128463387e-01
-3.2332178671e-03
2.0293910056e-03
4.6267855912e-02
-4.7800526023e-02
4.0480185300e-02
8.8566746563e-03
-2.2782623768e-01
-5.2393763326e-03
-1.3092245162e-01
2.0956555381e-02
1.0747664422e-01
-1.9746577740e-01
-3.9014151692e-01
1.9370745122e-01
-7.7452160418e-02
2.4619610980e-02
-3.2345652580e-03
-1.5540112555e-01
-7.4905969203e-02
1.7824281752e-01
-3.8769528270e-02
1.2015565485e-01
-1.7553995550e-01
8.8970392942e-02
1.6931263730e-02
-1.3106106222e-01
