# Shape: [64]
-1.0273839235e+00
-1.3543845713e-01
-1.2333196588e-02
-2.4662595987e-01
2.3947451264e-03
-7.6914630830e-02
-1.2824770808e-01
-1.0953180492e-01
-4.9289885908e-02
-2.0230235532e-02
1.6303864121e-01
2.2527134418e-01
-3.5251051188e-01
2.8011146188e-01
-4.1022896767e-01
-2.7279502153e-01
-7.1143740416e-01
9.9680259824e-02
-3.0697986484e-01
7.7622067928e-01
-1.7060509324e-01
-4.7534130514e-02
-2.6831379533e-01
4.9866147339e-02
2.0948232710e-01
3.2930862159e-02
-1.9972740114e-01
1.6415916383e-01
6.0192608833e-01
-2.3868885636e-01
-1.2373959273e-01
-5.8791022748e-02
4.3217754364e-01
-3.9449083805e-01
-1.7903435975e-02
-1.6073745489e-01
-1.9200406969e-01
6.6487006843e-02
2.4624893069e-01
2.7137303352e-01
4.9557525665e-02
-6.0460306704e-02
4.1257321835e-01
-1.4519725740e-01
-1.6127733886e-01
1.2160843611e-01
-7.7855609357e-02
-1.2508955598e-01
-3.1167426705e-01
-5.9450459480e-01
-2.6679822803e-01
-7.6262548566e-02
-2.7006635070e-01
-2.8746409342e-02
3.5744783282e-01
-1.0924892426e+00
-3.8825567812e-02
-2.7407908812e-02
-6.7637205124e-02
1.4685706794e-01
-1.2387387455e-01
-2.5520789623e-01
-8.1062838435e-02
6.0559111834e-01
