# Shape: [64]
2.8069509277e+03
3.2145100098e+03
2.3391035156e+03
1.4798167725e+03
2.0011903076e+03
4.5989541016e+03
1.9460607910e+03
1.5608099365e+03
2.3148515625e+03
1.7200810547e+03
2.2151672363e+03
5.3665751953e+03
2.4377861328e+03
3.4124775391e+03
4.3605336914e+03
3.6446757812e+03
1.0328607178e+03
1.8612535400e+03
3.7623337402e+03
4.6168120117e+03
1.8179343262e+03
2.0123450928e+03
2.1687875977e+03
1.4758378906e+03
8.2190991211e+02
3.3072001953e+03
2.0185601807e+03
3.8462558594e+03
3.6589963379e+03
1.4976531982e+02
1.0104762573e+03
3.3300131836e+03
4.2134907227e+03
2.8451513672e+03
3.9389604492e+03
3.8911760254e+03
3.1194555664e+03
2.8579711914e+03
6.6648811340e+01
1.5153820801e+03
3.9781015625e+03
7.4384783936e+02
1.8314720459e+03
7.4067279053e+02
4.1657416992e+03
1.7704475098e+03
7.6812011719e+01
6.6466723633e+02
3.0787028809e+03
1.3377324219e+03
3.8552985840e+03
4.3618320312e+03
2.6324272461e+03
2.1062216797e+03
2.1164116211e+03
1.4412371826e+03
2.8374006348e+03
2.5695009766e+03
2.5131718750e+03
3.6585825195e+03
2.7557275391e+03
4.3249062500e+03
1.2326542969e+03
1.5918009033e+03
