# Shape: [64]
1.8654627800e+00
3.1285438538e+00
9.2427027225e-01
4.3096132278e+00
1.5130715370e+00
1.3892951012e+00
7.5560361147e-01
6.8723297119e-01
6.1324435472e-01
2.2686069012e+00
5.8921742439e+00
1.9876475334e+00
1.2590291500e+00
4.6930900216e-01
1.0440497398e+00
7.3183006048e-01
2.9807403088e+00
2.8335149288e+00
2.0123579502e+00
9.0529489517e-01
3.8257319927e+00
2.4768285751e+00
1.4924547672e+00
1.7807389498e+00
4.5333476067e+00
1.8682303429e+00
7.1607351303e-01
2.6360731125e+00
2.2852983475e+00
2.5992543697e+00
2.0979912281e+00
2.1155574322e+00
4.3888735771e+00
2.0354015827e+00
1.2827626467e+00
1.3319001198e+00
3.1879308224e+00
3.8888239861e+00
5.1856327057e+00
2.3860285282e+00
9.2518967390e-01
2.8270971775e+00
6.4602684975e+00
1.7080913782e+00
3.1492743492e+00
4.7741219401e-01
3.0579385757e+00
4.3188929558e+00
5.3711342812e+00
1.5069712400e+00
2.4592792988e+00
3.7384171486e+00
3.2754704952e+00
1.6131752729e+00
2.5486187935e+00
1.9104826450e+00
1.4432466030e+00
2.0251686573e+00
3.3471758366e+00
6.2024078369e+00
8.5265868902e-01
2.2461209297e+00
1.9345543385e+00
1.4242358208e+00
