# Shape: [64]
1.3263488770e+02
8.9778564453e+02
7.0687414551e+02
1.3295983887e+03
7.1671301270e+02
4.3872650146e+02
3.9547891235e+02
3.2320080566e+02
8.0109069824e+01
1.1847298584e+03
1.8903576660e+03
1.6741625977e+03
8.7839044189e+02
1.3789088440e+02
5.4413726807e+02
3.6755163574e+02
6.3614324951e+02
1.9469139404e+03
1.1755302734e+03
3.0039331055e+02
1.3160098877e+03
2.4169607544e+02
1.3050743103e+02
6.5954541016e+02
1.0784549561e+03
5.1649737549e+02
8.6886589050e+01
1.9193125916e+02
1.9248574829e+02
7.8206915283e+02
3.6542221069e+02
7.0759234619e+02
3.8440590820e+03
3.2006036377e+02
6.3106549072e+02
9.0897949219e+02
2.7891494141e+03
3.0955786133e+03
7.8322906494e+02
3.2748208008e+03
1.7747996521e+02
2.4598537598e+03
3.2151455078e+03
1.9191311646e+02
1.3742204590e+03
3.0769869995e+02
9.3241357422e+02
7.7821197510e+02
1.1098712158e+03
2.6157177734e+02
2.9822167969e+02
1.1195119629e+03
6.1837524414e+02
4.3202136230e+02
9.7685949707e+02
8.7463111877e+01
2.3855508423e+02
7.5191729736e+02
2.6059289551e+03
1.0332946777e+03
1.0070013428e+03
9.9163812256e+02
8.4280792236e+02
3.2883267212e+02
