# Shape: [64]
2.5599804521e-01
-1.2455864251e-01
-2.9713232070e-02
-1.1289654672e-01
-2.6824739575e-01
-1.1180859059e-01
-3.3548384905e-01
-2.1481223404e-02
-9.6101485193e-02
-1.7920881510e-02
-1.6851943731e-01
-1.6283673048e-01
-5.5966156721e-01
-1.0760719776e+00
-5.8666769415e-02
-3.0487649143e-02
-1.5205332078e-02
-2.8577029705e-01
-2.1150133610e+00
-3.2456895709e-01
1.4075931394e-03
-8.2959651947e-02
-1.2485241145e-01
-1.1743550748e-01
-3.3440429717e-02
-3.3211869001e-01
-9.1542899609e-02
-2.3868753016e-01
-9.3032628298e-01
-1.2663328648e+00
-6.0923504829e-01
-1.3807067871e+00
-1.7951117456e-01
5.0235256553e-02
-2.7677530050e-01
-9.7484834492e-02
-1.1742966175e+00
-1.0506306589e-01
-7.0030381903e-03
-2.6979444027e+00
-1.4760662615e-01
-3.2951003313e-01
-1.4475077391e-01
-4.5762392879e-01
-1.0132452101e-01
-3.5772067308e-01
-1.2650577724e-01
-2.7338576317e+00
2.9006379843e-01
-9.8487198353e-02
-1.3603031635e-01
2.3173755035e-02
-5.9697544575e-01
-2.4978761375e-01
-2.6553640366e+00
-3.3892911673e-01
-1.6535565257e-01
-8.4377333522e-02
-1.5395703912e-01
-1.6387993097e-01
-1.9395717978e-01
-5.4838448763e-02
-6.2696754932e-02
-9.8266929388e-02
