# Shape: [64]
-3.7842860818e-01
-1.8160117865e+00
-7.2526373863e+00
-2.2207479477e+00
-5.4711198807e-01
-1.5901726484e-01
-1.7056214809e+00
-4.6293282509e-01
-2.6775476336e-01
-2.1267013550e+00
-3.0694094300e-01
-6.4188176394e-01
-3.0972425938e+00
1.4033283293e-01
-8.9814901352e+00
-1.6944543123e+00
-2.9989361763e+00
-1.5870172977e+00
-9.8449480534e-01
-4.9037164450e-01
2.4189995602e-03
-1.3988311291e+00
3.1608521938e-01
-2.8958697319e+00
-7.2105802596e-02
-2.7910871506e+00
-1.5889471769e+00
-6.2585264444e-01
-9.5223760605e-01
5.3844040632e-01
-1.0587354898e+00
-7.0798045397e-01
-1.4486685991e+00
5.5631924421e-02
-7.7877473831e-01
-5.3743636608e-01
-2.5824093819e+00
-2.2767589092e+00
-1.3777700067e-01
-2.8642897606e+00
-9.7512461245e-02
-2.0078911781e+00
-9.9499368668e+00
-5.5522240698e-02
-1.3462713957e+00
-1.0136447906e+01
-1.7657527328e-01
-8.6776918173e-01
-3.9910206199e-01
-5.8848661184e-01
-1.5090713501e+00
-1.5653430223e+00
-3.8874599338e-01
-7.5954616070e-01
5.1435034722e-02
-1.7804425955e+00
-8.7252908945e-01
-2.0571212769e+00
2.6108406484e-02
-5.9440535307e-01
-1.9242990017e+00
-1.1085633934e-01
-2.4746365547e+00
-9.9003531039e-02
