# Shape: [64]
-1.7073919296e+01
-5.2380340576e+02
1.9451679993e+02
-7.2857806396e+02
-2.8512789917e+02
-1.5746145630e+02
3.6599571228e+01
-4.7199929810e+02
6.8785873413e+01
6.0050606728e-01
-6.0079290771e+02
-1.2140934753e+02
-2.1169398499e+02
-3.8497708130e+02
1.4876885986e+02
-7.4148822021e+02
-3.1035678101e+02
-1.2624353027e+03
6.6651556396e+02
-4.6835941315e+01
4.8296847534e+02
-9.0043493652e+02
-2.6543939209e+02
-4.2366476440e+02
-1.4907635498e+02
-5.2834667969e+02
-2.3891831970e+02
-5.2774798584e+02
-3.0301855469e+02
-2.6510198975e+02
-6.5655432129e+02
-5.4364935303e+02
-6.6882116699e+02
-2.4377249146e+02
-3.8318405151e+02
-1.9184629822e+02
-8.3050970459e+02
-8.9317639160e+02
-3.0783898926e+02
-6.9017584229e+02
-7.8021865845e+01
-8.6167749023e+02
2.8278591919e+02
-3.7023159790e+02
-1.0765812683e+02
1.8654566956e+02
3.4562747192e+02
3.4588009644e+02
-3.3987619019e+02
-6.1720587158e+02
-6.5763415527e+02
-5.3855847168e+02
1.0728523254e+02
-3.8122320557e+02
-2.3026850891e+02
-2.9557061768e+02
-4.6452850342e+02
-2.1730654907e+02
-3.4432656860e+02
-4.7546228027e+02
-1.1151290283e+03
-4.4780601501e+01
-6.0246936035e+02
-1.0352919769e+02
