# Shape: [64]
1.0817813873e+00
2.8392319679e+00
4.1716985703e+00
4.2388100624e+00
2.2926592827e+00
2.1489732265e+00
2.3031477928e+00
1.8157521486e+00
2.0085659027e+00
3.6067857742e+00
2.0816018581e+00
2.0271568298e+00
4.4620351791e+00
1.8633649349e+00
2.8035645485e+00
2.8227167130e+00
4.6362066269e+00
2.4108550549e+00
8.2870626450e+00
1.9858418703e+00
1.1119050980e+00
4.9637727737e+00
2.1356208324e+00
3.4001443386e+00
3.7060520649e+00
4.7317361832e+00
1.4871906042e+00
2.7510089874e+00
2.5689415932e+00
1.6256166697e+00
2.7142050266e+00
2.8390204906e+00
2.4096965790e+00
2.0084729195e+00
4.4689993858e+00
4.5705385208e+00
4.8751497269e+00
3.4086685181e+00
1.7762424946e+00
4.2175159454e+00
3.5742669106e+00
4.4895405769e+00
4.6306171417e+00
3.2363758087e+00
3.2192900181e+00
4.3339104652e+00
1.5397807360e+00
2.1230456829e+00
1.3304468393e+00
6.2074670792e+00
1.7885355949e+00
2.9525806904e+00
1.5844845772e+00
1.8317059278e+00
3.2481799126e+00
2.0763578415e+00
3.6180417538e+00
2.5072629452e+00
3.2861113548e+00
2.4092416763e+00
2.9952502251e+00
1.8655908108e+00
4.7240738869e+00
2.0081591606e+00
