# Shape: [64]
6.5032583475e-01
1.8580360413e+00
-8.2995742559e-01
4.2186367512e-01
-3.6757049561e+00
-2.8813236952e-01
-2.1518921852e+00
-7.6571340561e+00
2.3986787796e+00
-4.1711511612e+00
-1.3708653450e+00
1.3356574774e+00
-6.7294158936e+00
-3.6973187923e+00
-4.0013675690e+00
9.7539478540e-01
3.7039679289e-01
-3.1197185516e+00
2.7747805119e+00
-9.2666673660e+00
-9.9988031387e+00
-4.5382776856e-01
5.0245337188e-03
3.4619510174e+00
5.0010025501e-01
3.1201026440e+00
-8.4936636686e-01
4.1021237373e+00
-2.3600089550e+00
-4.1171960831e+00
-2.4846935272e+00
-1.2341600418e+01
3.7746305466e+00
-1.5416460037e+00
1.8993365765e-01
6.6340274811e+00
3.1913161278e+00
-3.0190422535e+00
-7.0230591297e-01
3.0521273613e-01
1.6184645891e+00
7.4951796532e+00
-5.5522842407e+00
4.3897352219e+00
1.3342659473e+00
2.2024679184e+00
-7.8133611679e+00
-3.2161874771e+00
-1.5177474022e+00
-1.1166546822e+01
-7.3076467514e+00
-7.0419244766e+00
-1.6805808544e+00
-6.9797878265e+00
6.6786165237e+00
-2.5483438969e+00
1.7797737122e+00
-6.1189842224e+00
2.8088517189e+00
3.5981504917e+00
-2.9685550928e-01
8.8601745665e-02
3.0172259808e+00
-1.8186241388e+00
