# Shape: [64]
2.3688389062e+05
5.6053805000e+06
1.7067500000e+06
7.7781700000e+06
6.0348000000e+05
2.3465617500e+06
3.2744075000e+05
3.0846762500e+06
9.3722831250e+05
4.4809475000e+06
1.2670747500e+06
1.2400667500e+06
5.6535260000e+06
2.5850810938e+05
1.2301040000e+06
3.0476215000e+06
7.2791735000e+06
1.7117085000e+06
4.6637405000e+06
5.6931243750e+05
5.5619693750e+05
5.3996030000e+06
7.4595368750e+05
3.7320142500e+06
2.0738203750e+06
7.1953310000e+06
3.1488131250e+05
1.5993276250e+06
7.5293331250e+05
1.8888992500e+06
2.2961342500e+06
2.8677987500e+06
8.4890518750e+05
6.7348793750e+05
6.7668237500e+05
2.4629160000e+06
8.0599290000e+06
1.8873285000e+06
5.1251175000e+05
7.2949495000e+06
9.7882506250e+05
6.1426485000e+06
5.3126005000e+06
1.5416260000e+06
2.4199702500e+06
1.2359460000e+06
8.2006737500e+05
3.7927537500e+05
3.1517971875e+05
1.5151105000e+06
8.2093618750e+05
3.0614320000e+06
3.0459309375e+05
3.0335659375e+05
2.5411312500e+06
4.4356884375e+05
2.3086787500e+06
4.7370634375e+05
1.9021820000e+06
2.0763946250e+06
1.8227655000e+06
5.7272331250e+05
5.9033175000e+05
6.5054025000e+05
