# Shape: [64]
-2.0416770875e-01
2.4879261851e-01
4.7025393695e-02
2.6085060835e-01
1.2784099672e-03
-8.9851044118e-02
-1.3931581378e-01
2.9053923488e-01
-2.2912497818e-01
-1.9523192942e-01
-8.1629253924e-02
-1.9852866232e-01
3.0661761761e-01
-1.3678359985e-01
-2.9078040272e-02
-8.1924311817e-02
2.9827660322e-01
-9.5298998058e-02
-1.4547564089e-02
-2.4737017229e-02
-1.7494729161e-01
1.7434193194e-01
-5.9568993747e-02
-7.8682757914e-02
-7.8212067485e-02
3.1359571218e-01
2.2984202951e-02
-3.3494375646e-02
-6.1342310160e-02
2.5280135870e-01
7.0663802326e-02
4.0620025992e-01
1.8132572994e-02
-1.0571291670e-02
1.7320032418e-01
-6.7525237799e-02
2.9523792863e-01
2.0769464970e-01
-1.9290661812e-01
1.6109019518e-01
1.2700005434e-02
3.3303788304e-01
-6.3081122935e-02
-2.4279294536e-02
2.9994627833e-01
-1.7916393280e-01
4.1094999760e-02
-1.5218256414e-01
-2.2657543421e-01
-1.1739995331e-01
-1.8133011460e-01
3.9388731122e-01
-4.6378914267e-02
-9.5869854093e-02
-2.0197737217e-01
-2.0544397831e-01
-1.2048414908e-02
5.6896526366e-02
-7.6623936184e-03
-1.9019383192e-01
6.0803925991e-01
-2.6053643227e-01
-4.9295072677e-04
7.9817794263e-02
