# Shape: [64]
1.7624294000e+07
4.1624985000e+06
6.3265596000e+07
6.5265500000e+07
1.1117276000e+07
2.2404314000e+07
2.3519522000e+07
1.0984001000e+07
4.5234585000e+06
3.2325296000e+07
2.8906612500e+06
1.1485145000e+07
2.7534502000e+07
1.2850752000e+07
1.1440619000e+07
1.6685949000e+07
3.3516324000e+07
2.0262376000e+07
4.3956950000e+06
1.2249015000e+07
4.2888336000e+07
1.8934830000e+07
1.6155294000e+07
2.1915388000e+07
6.7103510000e+06
9.7610750000e+06
9.1597360000e+06
5.2448608000e+07
5.7907112000e+07
4.9497192000e+07
2.5592166000e+07
3.5117260000e+06
8.1704685000e+06
2.6664085000e+06
5.1899205000e+06
5.0995872000e+07
2.2099998000e+07
2.4350030000e+07
2.9195180000e+07
1.7319940000e+07
1.3341678000e+07
7.2277165000e+06
8.1945980000e+06
2.2274722000e+07
3.1910568000e+07
1.2386150000e+07
7.0493895000e+06
1.2384179000e+07
1.5115792000e+07
3.1107925000e+06
7.2974600000e+06
2.3129132000e+07
1.6193120000e+07
1.4306091000e+07
3.5070210000e+06
8.3228555000e+06
3.2316750000e+07
2.1146700000e+07
1.2444961000e+07
1.1342627000e+07
3.8926620000e+07
5.8791980000e+07
3.1584660000e+07
1.2719541000e+07
