# Shape: [64]
-2.3849089355e+03
3.9973571777e+02
-3.0709150391e+03
-1.2956782532e+02
-1.2372294922e+03
-1.7730498047e+03
-2.0645820312e+03
-2.5705603027e+03
-2.0037663574e+03
3.2571779785e+03
-6.6089675903e+01
1.4553511963e+03
1.1265179443e+03
-2.8453825684e+03
-1.4665343018e+03
-9.9059625244e+02
-1.0652409668e+03
-9.1812792969e+02
-2.3904958496e+03
3.0151480103e+02
-2.0144301758e+03
-3.1635839844e+03
-5.1723333740e+02
-1.5251004639e+03
-2.5865518188e+02
-2.5970527344e+03
-3.6379402161e+01
-2.0310546875e+03
-9.6238085938e+02
-9.8880511475e+02
-3.3052329102e+03
-1.9006485596e+03
5.3866705322e+02
-1.9797633057e+03
-2.2309128418e+03
1.9805754395e+03
1.7377912903e+02
-3.2177108765e+02
-1.0504206543e+03
-1.3090383301e+03
-9.0751831055e+02
-1.0762785645e+03
-2.3485024414e+03
-1.2415748291e+03
-2.0941296387e+03
-8.5539117432e+02
-9.5173028564e+02
-1.5486030273e+03
-4.7836538696e+02
-1.8151917725e+03
-1.0467628174e+03
5.1014456177e+02
-3.7214343262e+02
-5.5262060547e+02
-2.2300764160e+03
-7.2648779297e+02
-2.3170800781e+03
-1.0681446533e+03
-1.7640960693e+03
-8.3400805664e+02
-3.1159941406e+03
-1.0545031738e+03
-2.8392263794e+02
-1.8177560425e+02
