# Shape: [64]
1.4865127802e+00
5.3797012568e-01
1.5923165083e+00
1.9662563801e+00
2.7542514801e+00
1.5106656551e+00
2.4273614883e+00
2.6094350815e+00
4.0392604470e-01
3.6090729237e+00
1.3253768682e+00
2.3258817196e+00
3.9059782028e+00
2.2979111671e+00
2.8197875023e+00
8.6964625120e-01
1.3785723448e+00
1.8190482855e+00
3.1319701672e+00
2.5406742096e+00
2.2901790142e+00
1.6391594410e+00
2.1691920757e+00
1.6517820358e+00
3.4726709127e-01
3.1285600662e+00
2.6460731030e+00
1.7674981356e+00
2.5903763771e+00
3.4813292027e+00
2.7910015583e+00
3.5863616467e+00
3.6910402775e+00
5.5605850220e+00
3.0454075336e+00
4.7341126204e-01
1.2672322989e+00
1.8525140285e+00
1.4353700876e+00
1.0166550875e+00
1.0448372364e+00
1.9249579906e+00
7.8841263056e-01
1.7734423876e+00
1.8763915300e+00
9.7555291653e-01
9.8414742947e-01
2.4609334469e+00
2.0021672249e+00
3.6476032734e+00
1.1805148125e+00
1.2361918688e+00
3.0690338612e+00
2.5386486053e+00
5.1105728149e+00
1.2843724489e+00
1.2627257109e+00
1.3097434044e+00
3.3942706585e+00
2.7970275879e+00
1.5740269423e+00
3.3018884659e+00
3.6718490124e+00
3.4567372799e+00
