# Shape: [64]
4.1845075786e-02
-2.7382139117e-02
7.4279077351e-02
2.0574199036e-02
3.5675320774e-02
-2.1115992218e-02
1.9194373861e-02
4.1621200740e-02
4.5631494373e-02
-3.8011316210e-02
1.0061148554e-01
-1.7625134438e-02
4.8381783068e-02
4.5728795230e-02
1.8036155030e-02
6.0726825148e-02
1.8926398829e-02
7.1468442678e-02
6.5069936216e-02
-1.3804964721e-02
-8.3864085376e-02
6.2366563827e-02
-2.5076774880e-02
3.6926675588e-02
-1.0853216052e-02
3.2537985593e-02
1.8821537495e-02
3.2377023250e-02
1.1753688753e-01
-3.9285168052e-02
1.9653579220e-02
-2.2865048959e-04
2.6969611645e-02
1.0795345157e-01
3.4837089479e-02
1.7406548560e-01
1.9862307236e-02
6.1716053635e-02
-2.1123629063e-02
-3.0945759267e-02
1.8626144156e-02
8.7831161916e-02
-5.3349394351e-02
4.7452114522e-02
-7.7626548707e-02
-2.3497806862e-02
-6.1699651182e-02
-1.2915824540e-02
-5.1190998405e-02
-2.0155306906e-02
-9.3143701553e-02
1.9966999535e-03
-2.3564718664e-02
-1.0168071091e-01
-6.2306977808e-02
1.3606923819e-01
-1.1220970191e-02
4.4299963862e-02
3.0587187037e-02
-5.7283196598e-02
6.9794617593e-02
2.7714109421e-01
4.2600866407e-02
-7.1019041352e-03
