# Shape: [64]
-6.7183542252e-01
2.1053096652e-01
-4.1466307640e-01
-2.4602124467e-02
-1.3011456728e+00
-8.1078004837e-01
-6.5935790539e-01
-1.4824382067e+00
-5.0758063793e-01
-3.7326917052e-01
-5.3532347083e-03
8.7398391962e-01
2.0269152522e-01
-1.3692513704e+00
-8.7531930208e-01
-1.8785147667e+00
-1.0698577762e-01
-2.0629818738e-01
-2.6990637779e+00
1.4797185361e-01
-7.4878835678e-01
-9.4130283594e-01
7.7988564968e-02
-1.3469038010e+00
-7.6969844103e-01
-2.0047261715e+00
-1.8408593535e-01
-2.8859114647e-01
-2.0729546249e-01
-8.1510794163e-01
-1.6032108068e+00
-3.3739387989e+00
-8.1865143776e-01
-5.1830573082e+00
-2.1215498447e+00
-1.5307552814e+00
-1.3615382910e+00
6.4668871462e-02
-1.3453823328e-01
-6.3843244314e-01
-1.1510713100e+00
-1.2046749592e+00
-6.1886304617e-01
-1.3433315754e+00
-1.4517549276e+00
-7.6037085056e-01
-3.0013629794e-01
-8.6461049318e-01
-2.3794779181e-01
-2.8787786961e+00
-2.1709640026e+00
-1.4180791378e+00
-2.7678874135e-01
-2.1539673805e+00
-4.9701442719e+00
-2.5385901928e+00
-3.2150980830e-01
-8.5907375813e-01
-1.2462924719e+00
-1.2091702223e+00
-5.3668212891e-01
-9.7794622183e-01
-6.3055157661e-01
-3.1507116556e-01
