# Shape: [64]
9.0952014923e+00
-3.5235278606e+00
3.5013358593e+00
-5.5564527512e+00
-7.0819325447e+00
1.1038403511e+01
7.5848078728e-01
8.1236476898e+00
5.4677085876e+00
-8.7017065287e-01
1.2056389809e+01
-1.7992421389e+00
-2.1708030701e+00
2.3163003922e+00
-5.8393659592e+00
-1.1089549065e+01
5.5790262222e+00
1.5598405600e+00
-9.1311082840e+00
-1.0945851326e+01
2.4538624287e+00
7.9163951874e+00
3.6931743622e+00
2.2721662521e+00
-6.5015239716e+00
2.2108609676e+00
3.3904376030e+00
9.7587728500e-01
4.1568613052e+00
-2.2680997849e+00
-1.7850277424e+00
-2.1138296127e+00
3.3743526936e+00
9.1972601414e-01
-7.3620647192e-01
-5.3616867065e+00
3.1263451576e+00
-5.7348556519e+00
7.3344712257e+00
9.4362421036e+00
-7.6648511887e+00
-1.7566986084e+00
9.3797931671e+00
-3.2707195282e+00
-1.0805700302e+01
1.1622352600e+00
3.2268230915e+00
-6.2714371681e+00
-1.1842817307e+01
6.2104086876e+00
-5.2464658022e-01
7.5625758171e+00
3.3681430817e+00
8.5649528503e+00
6.4681711197e+00
4.6055626869e-01
-2.7622292042e+00
-9.1657714844e+00
-6.1294651031e+00
2.0053639412e+00
7.7918891907e+00
-9.4662696123e-01
-1.0080243349e+00
5.4177141190e+00
